0.7738597
1.0922234
1.2592266
1.6671107
0.9633356
1.4779495
1.0739564
1.6098646
1.3330106
0.45611918
1.8924985
0.9836329
1.4829704
1.3942617
0.78841126
3.034348
2.0895007
1.7854203
1.5694386
0.9627143
1.3291782
1.5606315
1.3020684
1.4943422
2.5576649
1.0668257
1.6506697
0.32473242
0.86251473
1.2969022
1.4680766
2.418336
1.0275685
1.4852086
2.6112726
1.1211731
2.0655353
1.0080599
0.86440283
0.74328715
1.6267897
1.59582
1.6948799
1.0033495
2.3918498
1.6071255
1.4381375
2.3112571
1.273822
1.6479021
1.7434692
1.7857411
1.7243809
1.8913292
1.0445774
0.42750403
0.8220233
1.7690815
0.92601764
0.6661559
0.7191633
1.6051803
1.858087
0.38715154
0.75352687
2.6971307
0.3760843
3.0241652
1.0312392
1.5664335
0.8325979
1.0670302
2.9070075
1.4242718
1.3454031
0.6702965
0.5190657
2.2720938
1.046607
0.32473242
2.1329205
1.5289594
1.5751907
1.414083
2.116149
1.1118336
1.9907488
1.3331761
0.7622873
1.4719437
1.4192454
1.5716214
2.1921825
2.02647
1.7791673
0.6990815
0.63287973
2.1309552
0.93964124
1.1190114
1.0545912
2.851689
2.038838
0.89148504
1.0398208
0.62182814
1.5279515
0.69898283
0.82291645
1.0616933
0.5805372
1.4417435
0.7957502
2.2056906
1.7454662
2.0220866
3.1509337
0.8681846
1.3730538
2.998984
1.7037848
1.0835257
0.6369955
2.5452788
2.0949984
1.368884
1.9169223
1.539415
1.8874356
1.9539096
3.8835459
1.3214021
1.3384705
1.5156319
1.2484082
3.5258505
1.56195
1.4387637
1.4556274
1.6800264
0.89849204
0.4619751
1.7013854
2.0466719
1.582537
1.8321508
0.76295197
0.52116317
1.5139056
0.83442783
2.1592877
1.3910849
1.6819735
1.9051707
1.2931092
1.288094
1.7584221
1.1692843
2.3389175
1.771438
0.7243578
1.3646865
0.83222634
2.381465
1.2608428
0.37442833
1.1202755
1.0878323
0.9736431
1.9439818
1.1718432
2.6551557
0.32473242
1.5353832
1.8663253
0.72224104
2.2729876
3.7229867
0.99524665
1.058546
1.2934136
2.019427
0.9038437
0.43986425
0.5567465
1.2051412
1.2309664
1.5119106
1.9407603
2.2217607
2.7655678
1.6909428
1.2486331
1.8141097
1.4291495
1.161457
0.9142341
0.196132
1.2862856
2.6606197
0.8201736
1.4966555
0.2576718
0.6885026
0.6717299
1.8444217
1.3660659
0.57614034
1.6419724
1.8008742
1.9707344
0.49911696
1.6836532
0.85675937
2.262519
2.0766745
0.27895865
0.73851484
1.2227571
0.3836711
1.0078208
1.4827856
1.677559
3.23332
1.5640225
0.5949806
2.9983692
0.817159
1.5137951
3.9099436
2.380624
0.63905627
0.9625818
0.6076295
1.2324163
0.8192551
2.395432
1.5546561
1.2239718
0.45620212
1.6295357
2.0627089
2.8105536
3.3233566
2.2306046
1.82224
1.9173629
1.1867837
1.5873433
1.0270249
0.48345068
1.2846787
1.6164135
0.94997585
1.4309006
1.0012548
0.7513353
2.4546554
1.3526456
1.706079
0.69363075
2.802892
3.6872613
0.17814058
0.79979503
2.071135
1.5181645
2.593877
1.7716753
1.0736809
1.3669442
1.9945134
1.1417307
1.5486174
1.0010531
0.9950374
1.5491455
0.9749006
2.6068082
1.225651
1.0057801
1.9163342
2.1603653
0.8311823
1.7475559
1.9353089
2.3539958
1.6932746
0.9421496
1.3542078
1.8382562
1.6538918
0.7594204
1.2764072
1.7782372
1.5071124
1.5993006
1.6811521
1.6070155
0.9630199
2.4939337
1.8727708
0.8932175
0.8032904
1.8531704
1.1995881
1.5732124
2.5410645
0.7197565
0.9846688
1.204041
0.64306253
1.2892811
0.56607205
1.1516641
1.4964151
1.2406389
0.37733853
1.4467434
0.97028106
0.76709455
1.2051159
1.2370521
1.8127719
0.61682546
0.51864123
1.0525881
0.48488808
2.1308534
1.3913479
1.414897
0.9414014
1.1947927
1.6536163
1.7465135
1.8274474
2.6669102
1.6771867
1.3711085
2.0236802
0.94267654
1.3956667
1.3108617
1.4978335
1.5879947
1.233584
0.750557
1.389944
0.32473242
0.7080793
1.2045581
0.46411622
0.72248703
1.7845412
0.4693708
2.9829516
1.823346
1.1511508
0.8981367
1.4156204
0.36522755
1.3853875
1.3929853
0.26830518
1.6028149
0.6369955
1.6297315
0.99954855
0.9272582
1.0316777
0.88998497
1.1485541
0.8904041
0.76343656
0.32473242
0.4014517
2.0322647
2.1884036
1.2139938
1.8836305
1.4271806
0.7201577
0.41943684
2.8538098
2.0496948
1.4602107
1.5377305
1.0627217
2.1892402
1.2829989
1.6094754
0.60690755
1.6621878
1.5458261
0.8549612
0.6045502
1.6226716
1.474157
1.5478795
1.9973967
0.6346945
1.7971332
1.3745729
1.3394253
0.46382123
1.7761717
0.39253953
1.669329
2.1895907
0.9028941
1.6521518
1.3323748
1.7305342
0.9980155
1.7109028
2.0514097
1.8847024
1.5542593
1.6656291
1.3010294
1.5432335
2.22168
2.293608
0.82513237
1.2701377
0.63208044
1.2566419
1.6700768
1.8087313
1.1084087
0.39827362
1.3325881
0.38715154
0.8434877
1.2331876
1.7020175
1.0011759
1.4240928
0.5102968
1.5643331
1.0389359
1.7477982
1.5115293
0.5981971
1.1504041
0.6645023
2.5496924
1.2389756
2.2774956
1.4514602
1.3050561
1.5792407
0.5423375
1.243243
1.0340537
2.0826683
0.43205106
2.706167
1.4214405
1.5638177
0.7571061
2.7894328
1.5106198
0.65688336
3.0391421
2.4009118
1.2000421
1.9406185
1.5966488
2.0410519
0.8535279
0.62389886
1.4631336
3.723023
1.2839231
1.3766031
0.7537684
0.37878558
0.6547071
0.8564426
1.2113792
1.7624649
1.2110773
1.7219119
0.5745884
0.5840082
0.416114
1.4782218
0.5424518
1.1677352
2.4320993
0.9443505
1.0847692
2.531347
1.7208724
0.23476854
2.1506233
1.0546217
1.3892692
1.0824413
1.7591273
1.4227966
1.4138047
2.7839067
0.6547071
1.0531633
1.897723
2.0888703
1.2443782
1.30013
1.4468638
1.1373256
1.1540638
0.9740829
1.1179931
3.6707041
1.6567796
2.0543675
0.60699934
1.2019587
1.8557698
1.1351656
0.69209456
0.81113136
1.183689
1.4056989
2.054508
0.4594549
1.2047995
1.4097902
0.49409625
0.44391277
1.5277305
0.90277797
1.4711657
1.5220023
2.25642
1.0463458
2.2017567
2.0026894
0.9292994
1.5309702
2.595562
1.5234649
1.8495749
3.882162
1.2891786
1.2092212
1.476023
1.1922271
0.8572217
0.47902668
1.4735885
1.8488815
1.6984764
1.2286643
1.1429241
1.223584
0.76291955
1.630568
0.54823244
1.62178
1.3111784
1.595443
1.733456
0.95642745
1.4428447
2.0973172
1.4839575
1.7549957
1.3751489
0.6491845
1.6650747
1.5120909
1.7825311
1.517075
1.4342369
1.9926083
2.0384688
1.1853976
3.2015748
0.74296945
2.6201627
0.34061489
1.0972402
1.9858054
2.0161722
0.36160064
2.036571
1.5086832
1.4989326
1.1747652
1.5072142
1.7116197
2.023663
1.3459017
0.8472982
0.6885069
1.369645
0.69053876
1.8723657
1.3361177
1.4755548
0.6341169
0.41181552
1.7190642
0.9607131
2.8332775
1.083239
1.3794267
2.0916069
0.161529
1.2922734
2.185564
1.1289953
0.2398923
0.599247
3.0393646
1.4164637
1.6441216
0.9806741
2.0574398
1.5274768
1.0754831
0.8709207
1.213978
0.6556338
1.988952
2.1412916
1.6663254
0.25140628
1.8905299
1.3164723
0.35730177
0.5252449
3.0895305
1.6143059
1.4650853
1.8807647
2.240388
0.67591286
0.41281715
0.77460486
1.5789798
1.9238814
1.2423694
2.0189376
0.32473242
0.2594061
1.7060857
2.0379043
1.2099206
1.8119648
1.6867304
0.919563
0.7958664
2.2676632
0.7889245
1.5779821
0.90493363
1.9101802
2.4160845
2.0256302
1.2847569
1.1285017
0.30798784
1.0980414
1.9309536
1.4595629
1.9451709
1.7760072
1.924301
2.4217095
1.4601912
1.5642946
1.5087397
1.2817787
2.2217243
0.86930764
0.38715154
1.4468337
1.2516303
1.5638701
2.224892
0.7048187
0.9754002
1.8363119
1.117551
1.9863539
1.6333877
1.6884115
1.4879436
3.7088058
0.5222669
0.6426396
1.5017139
0.7919216
0.7609948
0.65233266
1.272767
0.8671257
1.1867735
1.473889
0.66278726
1.7683507
1.458809
1.493475
0.63763064
1.7488741
1.9327223
1.4978914
1.0232155
1.4097513
1.0698221
1.6739452
0.5961344
1.1366599
1.6271709
1.1357721
1.3432177
