0.8623102
1.2234217
1.26245
1.5169266
0.8055159
1.4830935
1.1969558
1.5731313
1.3189176
0.3961193
1.9268969
0.85085624
1.4855298
1.2951028
0.7983483
3.0297272
2.0850344
1.7245197
1.6360011
0.8900258
1.2827231
1.4958459
1.3341672
1.456297
2.4606013
1.0609264
1.7392546
0.35819274
0.87395483
1.2605687
1.250474
2.54471
1.0267304
1.5006685
2.547269
1.1316965
2.0460136
0.9599983
0.8767097
0.82482046
1.5202373
1.7266095
1.6682353
1.0011849
2.364242
1.5697814
1.6326284
2.268436
1.0829427
1.5322813
1.7259861
1.7958302
1.7531956
1.7085078
1.0393795
0.3313703
0.7813564
1.6332947
0.98035717
0.60247165
0.7483243
1.5906962
1.8060325
0.35819274
0.6727396
2.7846684
0.5306504
3.0519114
1.0580217
1.6189508
0.9332365
0.90710247
3.00795
1.5826502
1.4540118
0.7262028
0.63289654
2.2764907
1.0744053
0.4133209
2.053709
1.51863
1.605696
1.415513
2.159673
1.0694714
2.1697037
1.3132608
0.762591
1.4319319
1.268149
1.5956383
2.125763
2.1508133
1.7067492
0.7542865
0.64666444
2.114498
0.8526937
0.9868842
1.1314286
2.786914
1.9114076
0.9672711
0.9980999
0.6123989
1.481362
0.7933048
0.7511419
0.9426701
0.7184232
1.5352
0.9447561
2.2280679
1.7811962
1.9774911
3.2494426
0.9443317
1.3824223
2.9436238
1.6221068
1.1303133
0.5681549
2.6877868
2.0154543
1.2581894
1.8588742
1.5440258
1.823857
1.9867064
3.8444142
1.257791
1.6134486
1.4420553
1.2194166
3.5721798
1.4986734
1.3748424
1.3540503
1.669354
0.8118961
0.5931406
1.6055987
2.1308615
1.6072195
1.7564367
0.66290855
0.5885056
1.5735918
0.78321606
1.9723055
1.3984293
1.6210631
1.8543792
1.279672
1.2457099
1.7281059
1.0638659
2.4760237
1.7563105
0.7883044
1.2941185
0.81006306
2.3433566
1.2234597
0.30804375
1.0460966
1.1462146
1.0403491
1.9795862
1.102263
2.7849765
0.39421728
1.6685517
1.7952298
0.65723836
2.2724454
3.6799076
1.0140835
0.93357927
1.2938516
1.9784936
0.8730929
0.497932
0.48275274
1.272007
1.1220461
1.6098512
1.9522971
2.101905
2.6629746
1.6788498
1.2982851
1.5514429
1.4632471
1.4439307
0.8513005
0.3044937
1.3910716
2.7381325
0.84992045
1.4135768
0.21242544
0.61687
0.42135143
1.8270082
1.2861184
0.52322793
1.6190429
1.7433674
1.9517473
0.4646227
1.792556
0.9252573
2.2214453
2.1637993
0.26366225
0.746616
1.143405
0.42665836
1.0239556
1.5056136
1.7288408
3.2378767
1.5953352
0.6265101
3.0569878
0.85815465
1.522584
3.9895666
2.4344347
0.67672646
1.0253248
0.7583298
1.2459359
0.9093845
2.3692005
1.5424925
1.336966
0.3812636
1.5380512
2.03647
2.7128155
3.3144124
2.235523
1.7257656
1.8183601
1.2560632
1.5799615
1.158981
0.3988759
1.2182937
1.5757849
1.042329
1.390866
0.9690687
0.68231523
2.387912
1.2066259
1.7185832
0.6036284
2.8027344
3.6137433
0.15157577
0.70813054
2.062099
1.5449692
2.4626663
1.9252677
1.0505055
1.3629522
2.1067026
1.1131917
1.5927942
0.9873021
1.0118153
1.604376
0.9208456
2.5897095
1.2797371
1.0535119
1.8162135
2.1661348
0.7592401
1.6915932
2.1272027
2.3819091
1.7122098
1.0785819
1.4892592
1.8765712
1.6949726
0.79007536
1.2031252
1.6413097
1.5722814
1.7140644
1.6349503
1.6327473
0.77084666
2.50448
1.8049581
0.7235996
0.84431267
1.8468051
1.1924703
1.6170305
2.6160152
0.62125653
0.97002757
1.3353816
0.7913484
1.2141216
0.5813955
1.1766517
1.6081483
1.2696638
0.4133209
1.396067
0.9220097
0.7930795
1.122248
1.1473968
1.8114947
0.50177157
0.61545825
1.0486645
0.5163522
2.005007
1.3717705
1.4348165
0.91712534
1.2076322
1.6892636
1.820629
1.8378707
2.5952203
1.6679909
1.5121217
1.9463288
0.9542034
1.3522298
1.3667874
1.5684032
1.6083494
1.1996282
0.8406396
1.3661888
0.31202447
0.63155246
1.1332707
0.48395503
0.77330047
1.772926
0.51896286
3.0900066
1.7463806
1.1303875
0.89611244
1.2743182
0.4183198
1.4911362
1.2577264
0.37585285
1.468639
0.5681549
1.3859272
1.026092
0.9822405
1.1159073
0.8498046
1.2731439
0.8869879
0.80835277
0.35469767
0.24259402
1.88337
2.308656
1.3590033
1.9011813
1.491792
0.65181816
0.46718934
2.8160143
1.8452936
1.454438
1.4688845
1.090062
2.2801588
1.214301
1.6336291
0.6156262
1.6711695
1.6025203
0.7575388
0.5129541
1.5262238
1.3662958
1.4016196
1.9309715
0.8146017
1.8617727
1.4219822
1.3159196
0.6427039
1.770716
0.3108558
1.7893043
2.2725174
0.87509894
1.5154161
1.4304333
1.8142054
1.0068687
1.7750063
1.9638062
1.930216
1.734108
1.6438249
1.4209375
1.6779681
2.3601122
2.2911246
0.8476761
1.3611044
0.6188152
1.1676763
1.6291828
1.6193669
1.2712394
0.4487764
1.4380944
0.35819274
0.8914112
1.216864
1.8920066
0.83284765
1.4534402
0.5891607
1.5741135
1.0539908
1.6264858
1.5097717
0.80340666
1.4110677
0.56042504
2.537773
1.3025645
2.3668396
1.4715475
1.3237485
1.5198073
0.6393936
1.259953
1.0554172
2.1890166
0.36066604
2.6653545
1.3856075
1.5658514
0.72769666
2.8545384
1.5582665
0.69188225
2.9344156
2.5549762
1.1263361
2.00124
1.5006777
1.8654555
0.67611295
0.6207288
1.3737407
3.585741
1.2795846
1.4716102
0.7574803
0.3214733
0.63971347
0.93187666
1.3505429
1.7066379
1.2820444
1.6003261
0.59911734
0.48016256
0.39251742
1.6111832
0.63265115
1.1604605
2.4650698
0.80872077
1.1708449
2.6379929
1.588733
0.2432021
2.0804896
1.1936823
1.3783953
1.1195272
1.9576337
1.4410547
1.4398974
2.8909228
0.6744257
1.1522514
2.018537
2.0527377
1.0846641
1.1733654
1.498133
1.0528476
1.0332298
0.97003263
1.1994697
3.590039
1.7040262
2.0216684
0.700606
1.0606724
1.9327233
0.94775593
0.7335556
0.91560286
1.1624746
1.3959427
2.0438604
0.4736769
1.262211
1.4650952
0.50896066
0.4943181
1.5151755
0.87330407
1.4072778
1.5665443
2.2179508
1.009772
2.2333226
2.0600512
0.8569176
1.6685445
2.5305977
1.5883998
1.8522233
3.842363
1.3575047
1.3580217
1.4840106
1.0791727
0.89726424
0.4133209
1.438952
1.9199584
1.5909883
1.2734911
1.0719041
1.2649574
1.0037012
1.6643775
0.54263616
1.5904166
1.2776117
1.5909678
1.716495
0.92076594
1.4499848
2.1413794
1.586793
1.7931719
1.4664494
0.5736475
1.7315409
1.4978034
1.773758
1.5171049
1.4077393
2.0875516
1.9115183
1.0501016
3.2117412
0.57460797
2.4930923
0.34235343
1.0502298
1.9570891
1.9044474
0.35469767
2.0230098
1.4598881
1.5607457
1.1951354
1.3914187
1.752428
2.03751
1.3112924
1.0380073
0.83817536
1.2852063
0.50282454
1.76738
1.3992915
1.4244484
0.68563735
0.4342192
1.8495234
0.8708892
2.9776073
1.17535
1.3762776
2.1268475
0.3090904
1.3200845
2.2512333
1.1822715
0.35660347
0.47587138
3.064247
1.4743632
1.791558
1.0160478
2.1410794
1.3971318
1.1303564
0.9606014
1.2600272
0.6432376
1.9013135
2.0118742
1.5496831
0.27310166
1.9979745
1.3957968
0.3479323
0.5991768
2.9035697
1.5134631
1.3930371
1.9151624
2.2179234
0.66290855
0.4117422
0.68054384
1.5804876
1.8711208
1.2344451
2.0131855
0.36715263
0.3387597
1.6409286
2.0506523
1.1924548
1.9649588
1.6351861
0.8692256
0.96257657
2.3226976
1.0127568
1.5314734
0.87570465
1.8652885
2.4315124
2.0058818
1.1784282
1.1556957
0.38903967
1.1699522
2.055876
1.3586297
1.8558313
1.8068911
2.1143205
2.4091938
1.4099572
1.570266
1.5782807
1.2041371
2.2034373
0.8563838
0.31202447
1.4354222
1.1123204
1.5893049
2.2466357
0.68698645
0.8045701
1.8055694
1.04353
2.0150104
1.6101693
1.8464209
1.7389191
3.6914804
0.49268624
0.35978267
1.434876
0.8635573
0.8897257
0.6530711
1.1737939
0.9543975
1.1695443
1.5878675
0.6603599
2.0082226
1.5136971
1.3860058
0.59268975
1.6844916
1.9137791
1.5235329
0.93491787
1.4751527
0.936085
1.6222996
0.5572546
1.1651691
1.6322037
1.177021
1.3539834
