0.8012535
1.1983192
1.3123734
1.5221841
0.8598165
1.5011443
1.1071206
1.5236865
1.2881137
0.51006573
1.8985863
0.9340619
1.5367271
1.4340221
0.77048945
3.0576677
2.178398
1.7237318
1.4484347
0.94641966
1.41971
1.6382375
1.4155605
1.4346768
2.5918832
1.0739411
1.7291845
0.3590125
0.8949746
1.2503579
1.3930503
2.5567536
1.0679832
1.4908035
2.6440382
1.1158363
2.0943975
0.97225577
0.9506649
0.83836627
1.5248358
1.6511673
1.716208
1.0123138
2.3380752
1.6205982
1.5376614
2.3887808
1.208287
1.5246814
1.7197549
1.6948497
1.7480758
1.8683592
1.0431595
0.39107156
0.7906307
1.7922068
0.93378615
0.6608367
0.67557967
1.585215
1.8798176
0.412883
0.63827467
2.7054822
0.3546403
2.9124644
1.0797557
1.5228462
0.88426805
1.0452574
2.9249978
1.4919444
1.3508534
0.68161875
0.5276186
2.3433733
1.0107476
0.3590125
2.0326014
1.4645551
1.5010545
1.4865556
2.139851
1.0644671
2.1071928
1.4706132
0.74011064
1.414021
1.3327103
1.5732869
2.1422997
2.0321798
1.6661227
0.62654704
0.6387757
2.1322315
0.90122736
0.98911846
1.150762
2.8204277
1.933157
0.9051594
1.0646245
0.55694145
1.4350315
0.72501916
0.846746
1.1013613
0.6316309
1.4742931
0.8644036
2.117709
1.8817673
2.0129135
3.1518502
0.963664
1.3336908
3.0238562
1.6418393
1.0738918
0.6284089
2.6192791
2.1246493
1.3427874
1.8848919
1.6185696
1.8292674
2.050053
3.841832
1.267944
1.5293447
1.4922683
1.2553308
3.5407326
1.4858149
1.3966486
1.4301729
1.7222594
0.9013267
0.5441249
1.6463275
2.1472943
1.5288565
1.8006006
0.69541943
0.59047866
1.4340024
0.8575432
2.1409132
1.4141248
1.5968633
1.8848156
1.3293281
1.3500466
1.8311057
1.1547089
2.4063976
1.7764549
0.7613732
1.3429086
0.7807439
2.3661487
1.2815009
0.33120003
1.1581821
1.0634818
1.0022153
1.9580089
1.1736041
2.600736
0.3590125
1.6544888
1.8088404
0.77465236
2.3212247
3.6320436
1.0458565
1.0558107
1.3046335
1.9863216
0.8470894
0.46732995
0.5565894
1.1869541
1.0964806
1.5738484
2.0726788
2.2074864
2.7517533
1.6744577
1.2243961
1.7380172
1.3548541
1.2852801
0.90850294
0.22979777
1.374712
2.6683123
0.7769147
1.4736198
0.19416642
0.6800906
0.5722894
1.785122
1.3306946
0.5317552
1.5885341
1.8270743
1.9635524
0.5270741
1.7801632
0.8544025
2.3013227
2.0206614
0.3095807
0.7022567
1.1536367
0.3480746
1.0030836
1.5117329
1.5839852
3.2460356
1.5969354
0.64706063
3.0416217
0.83206385
1.5177593
3.9687843
2.3985524
0.54630834
0.92178285
0.6189114
1.2580073
0.89899236
2.40525
1.5420517
1.177547
0.43656072
1.5512856
2.0805264
2.7699509
3.347934
2.2845955
1.7714499
1.9165857
1.3318616
1.6100287
1.0804574
0.45259959
1.3065495
1.6542293
1.0768687
1.3896041
0.88652325
0.67385864
2.451131
1.3539957
1.7663848
0.6528719
2.7642727
3.679391
0.17659654
0.67293763
2.002882
1.4108038
2.5408409
1.8561032
1.0515188
1.4050572
1.985094
1.0991973
1.7320541
1.0526118
0.9325613
1.5764285
0.87832135
2.6006563
1.2783613
0.9557573
1.8369628
2.0452676
0.66976917
1.604469
1.9303153
2.4045405
1.7943709
0.9979411
1.4233731
1.8045411
1.6612043
0.7249547
1.2945154
1.7340797
1.4686519
1.7011112
1.7217706
1.5736014
0.8320462
2.4460194
1.8531544
0.8648616
0.79178876
1.8774712
1.1489667
1.5415608
2.5416257
0.73777425
1.016238
1.2868061
0.7121475
1.2213596
0.46063578
1.2349497
1.5391768
1.2974446
0.41166052
1.4341922
0.8814317
0.8395705
1.1722432
1.2112247
1.7560828
0.55672187
0.51783013
1.1489575
0.5191731
1.9739875
1.4507732
1.4332352
0.89535755
1.1402893
1.6972097
1.7921796
1.766138
2.6603005
1.680121
1.3887976
1.9801093
0.96444726
1.3524565
1.3109293
1.4852787
1.5873573
1.2300025
0.8467594
1.4376884
0.3590125
0.71011513
1.1551676
0.50570995
0.73031986
1.8542337
0.51236445
2.99354
1.8200622
1.1950989
0.867477
1.3731091
0.38039786
1.3978144
1.3658901
0.47126782
1.5990299
0.6284089
1.4867766
1.0447464
0.9308997
1.0858176
0.8242095
1.1130654
0.79864705
0.66396695
0.3417462
0.37623847
1.9648271
2.1972883
1.2915494
1.8685892
1.4830947
0.711771
0.43910426
2.8023055
1.9993665
1.3982284
1.5104892
1.0483356
2.1210766
1.2383887
1.6493213
0.54659235
1.6743864
1.7056415
0.871057
0.61378753
1.5382285
1.450589
1.5923035
1.9672028
0.6448291
1.6976992
1.2466899
1.3139557
0.5191471
1.799805
0.26337674
1.6152818
2.1545212
0.98317045
1.6999415
1.3959414
1.8069192
0.9568527
1.6200578
2.0051675
1.9670393
1.7705134
1.6783644
1.3396534
1.5985389
2.2670805
2.4055455
0.7982337
1.2644243
0.57928324
1.1890033
1.7686055
1.73951
1.2439917
0.4031655
1.4004136
0.412883
0.9645056
1.26225
1.7651697
0.9590157
1.3865895
0.6618892
1.6143197
1.0305296
1.6250736
1.5543703
0.5485424
1.2758784
0.64137703
2.610407
1.1458018
2.3124886
1.5037614
1.2950796
1.6013145
0.54287857
1.3354582
1.0806229
2.0713696
0.5096359
2.637188
1.3138186
1.4542012
0.7546457
2.7536426
1.5103854
0.66824377
3.0194752
2.4722736
1.140924
1.9485403
1.626137
2.0722103
0.75901634
0.72308093
1.5655801
3.8010552
1.2727312
1.3459519
0.8015497
0.35479873
0.5161458
0.81605124
1.2189646
1.730896
1.2143927
1.7355814
0.56989694
0.48103884
0.36331365
1.6097761
0.44968492
1.163492
2.4260926
0.8560807
1.0454011
2.4959598
1.6900171
0.3056459
2.148763
1.1353242
1.4119414
1.0805991
1.8269706
1.4815251
1.3740476
2.680001
0.57272065
1.1345806
1.8974382
2.0740914
1.184407
1.2760757
1.3731539
1.2745913
1.2078743
0.9599843
1.2067807
3.6654491
1.5993237
2.029234
0.65947074
1.107052
1.8076082
1.1058892
0.68472034
0.88495034
1.1914706
1.3297952
1.9966325
0.41421175
1.3348922
1.5069361
0.5360595
0.509106
1.5405918
0.8935247
1.4935967
1.6288002
2.257382
1.0549864
2.169974
1.9944432
0.9645299
1.5693345
2.5400054
1.5162808
1.7764645
3.9470437
1.3362076
1.2485908
1.4321798
1.1025283
0.8718957
0.46861377
1.4591554
1.8582773
1.6672755
1.2798266
0.91429895
1.1998059
0.9254466
1.723931
0.57315737
1.5502377
1.3239881
1.5381213
1.7765408
0.87967825
1.4839302
2.160457
1.6282507
1.6890101
1.3972512
0.6155388
1.8196372
1.521988
1.7590332
1.5690668
1.465032
2.021848
2.008526
1.1351473
3.2260258
0.66899246
2.5238233
0.33035135
1.0142574
1.9711386
2.0718873
0.35508955
2.101992
1.5163088
1.5751797
1.111471
1.4023703
1.7065144
2.0210528
1.3033297
0.8321847
0.80068237
1.3354449
0.6120856
1.8580476
1.2348187
1.4764751
0.6015092
0.44646975
1.6846757
0.95610136
2.8266933
1.1678864
1.3362696
2.0404637
0.18952824
1.3698806
2.1726553
1.0890005
0.25381806
0.47964093
3.0979323
1.3833553
1.7422659
0.9880094
2.1343052
1.497221
1.1336873
0.9318899
1.1985173
0.64555275
1.9372234
2.0396788
1.714103
0.27772507
1.9133339
1.3346798
0.341505
0.6081072
3.156764
1.6366636
1.4640317
1.9141549
2.1776824
0.6591122
0.38370058
0.71011776
1.5323184
1.9108566
1.2079133
1.9599707
0.3590125
0.23991804
1.6960777
1.9954978
1.2831104
1.9036982
1.4987015
0.9267488
0.81595105
2.2844987
0.8154871
1.5954547
0.8784717
1.8612626
2.5089347
1.9673818
1.1510903
1.1513865
0.3471699
1.1534206
1.9598184
1.3453168
1.8985915
1.7784271
2.0052679
2.4032342
1.4099841
1.5858035
1.3959099
1.2947105
2.1515143
1.0000633
0.412883
1.3739686
1.3326235
1.6222839
2.298731
0.72498024
0.94326186
1.8203225
1.0400183
1.957288
1.7053089
1.7895181
1.572735
3.7121592
0.54888535
0.66244745
1.4505928
0.7855785
0.7543598
0.6212082
1.1962321
0.81926006
1.2495774
1.5535923
0.6407634
1.7746361
1.5020291
1.5639234
0.6264059
1.7713741
1.9500372
1.4797394
0.93822366
1.3801011
1.0407287
1.6890819
0.42207184
0.9244281
1.5973818
1.1296316
1.4578763
