0.96286184
1.1884664
1.2123972
1.5354004
0.86105543
1.4304782
1.1079857
1.6401335
1.3245442
0.41038477
1.9416212
0.8276931
1.4469355
1.3459109
0.68359774
2.9321516
2.1893935
1.8390706
1.506997
0.9626701
1.2801089
1.6304132
1.2932335
1.4104646
2.3346548
1.1177412
1.6541363
0.4442868
0.83760077
1.2380103
1.2993138
2.5410426
1.1358078
1.4185193
2.565275
1.0772567
2.0087125
0.91561925
0.89180475
0.79047436
1.5364158
1.6136421
1.5846084
0.9603857
2.4042962
1.6189834
1.5517582
2.3941455
1.2980448
1.537098
1.65681
1.6545801
1.7741755
1.860436
0.9700053
0.40899745
0.9099727
1.8080949
0.8870032
0.528478
0.7505172
1.4819795
1.8270118
0.42284212
0.75689137
2.7188914
0.49072978
3.0293877
1.0465759
1.4695904
0.8898549
1.0791863
3.0062563
1.3901287
1.3652339
0.6740984
0.65013194
2.3297265
1.0293958
0.40110233
2.1217825
1.5704142
1.5833985
1.388755
2.116238
1.0294552
2.1287591
1.2944772
0.77916706
1.436884
1.2107332
1.5560976
2.1856637
2.131737
1.6732024
0.6954808
0.5833309
2.0900946
0.84641254
0.99461925
1.1226403
2.9336128
1.927113
0.84774643
1.0586929
0.548437
1.4162713
0.79420316
0.8436882
1.0464481
0.71905655
1.4212508
0.84063005
2.2612395
1.6845667
2.0721157
3.2328982
1.0165424
1.430822
2.9994457
1.735752
1.179866
0.61859876
2.5796952
2.2215161
1.2978059
1.7947769
1.4329132
1.7598743
1.9706753
3.928574
1.333763
1.5983874
1.5135659
1.2829282
3.654424
1.5942569
1.5373023
1.3124801
1.6308088
0.78721464
0.4709419
1.694609
2.2270038
1.5156709
1.7253124
0.5714836
0.544139
1.6197124
0.7452815
2.0739725
1.3790821
1.4900701
1.9579577
1.2436783
1.3110899
1.7019815
1.1166321
2.3296533
1.690104
0.75906044
1.2859622
0.94323826
2.3277643
1.1829683
0.40317246
1.0791383
1.1570401
0.8966479
1.9789913
1.0136834
2.83835
0.37105706
1.6367656
1.7033173
0.7281523
2.2054632
3.7524335
1.0218233
1.0470948
1.3770978
1.8923562
0.90185654
0.4371693
0.6371171
1.1755654
1.0941433
1.4709235
1.9372985
2.220295
2.7082543
1.6928823
1.1650281
1.5285164
1.5593045
1.480691
0.8417689
0.28458828
1.2717857
2.7090924
0.82344365
1.4081695
0.28520384
0.6646302
0.50718176
1.8637719
1.3395864
0.56292665
1.5737876
1.9313692
1.9003062
0.5156269
1.65697
0.8993558
2.226898
2.1602602
0.2875177
0.68931097
1.1546481
0.507214
0.9905827
1.4282535
1.6470469
3.312392
1.6655297
0.62410796
3.0864809
0.8940753
1.5125815
3.9702961
2.4464333
0.74691314
1.1493233
0.7058276
1.2616224
0.92859143
2.4059832
1.510907
1.2653791
0.42995906
1.5896121
2.0712914
2.8654056
3.3193676
2.2936857
1.6621157
1.8324884
1.2537262
1.4938655
1.1251922
0.48465818
1.3225548
1.6242911
1.0180867
1.5336643
0.9612769
0.6684974
2.3936796
1.4425523
1.7115214
0.7217284
2.7884605
3.5841115
0.216207
0.64090055
2.1382923
1.5237508
2.472308
1.9797999
1.0377342
1.3474034
1.9063022
1.1286161
1.4901183
1.0027772
1.1341112
1.5618768
0.8624218
2.6807127
1.2321485
1.1836307
2.0426579
2.2431836
0.828353
1.6887835
2.0397134
2.3799438
1.6434125
0.9970965
1.4880779
1.7739276
1.5105771
0.85499734
1.2335893
1.6063778
1.4259857
1.5346817
1.647561
1.7402614
0.82377774
2.3809114
1.8112645
0.83403325
0.80317134
1.8298585
1.1839216
1.5900373
2.5897298
0.49898732
0.95098215
1.2626134
0.7596679
1.2443497
0.6737689
1.1472541
1.6660316
1.3183924
0.39659593
1.3921949
1.0059162
0.847857
1.2895068
1.0647267
1.7982554
0.559126
0.642663
1.0268955
0.538931
2.029372
1.3946012
1.4138207
1.0659951
1.1629379
1.5771447
1.8123691
1.6968708
2.5894008
1.6693885
1.4250871
2.0008936
1.1115438
1.2669646
1.2703023
1.6107208
1.6216497
1.1120759
0.8377308
1.369943
0.3796576
0.7575451
1.1069211
0.4888416
0.66678655
1.8676465
0.46994162
3.109672
1.7829902
1.1927679
0.91297543
1.2970548
0.4556253
1.3808415
1.3048793
0.45360222
1.5333977
0.61859876
1.6312017
1.0646436
0.89677745
1.1041802
0.87860954
1.1701427
0.8332399
0.71530426
0.33196673
0.34714437
1.9262615
2.1627126
1.3878663
1.820001
1.3905017
0.70314765
0.39517784
2.831475
1.8971552
1.3669473
1.3710384
1.0253013
2.2047124
1.2931892
1.6250758
0.5887178
1.5713373
1.6274034
0.69670814
0.5839509
1.5044258
1.6470448
1.5876973
1.9324267
0.8369648
1.7592323
1.2655003
1.4395525
0.50551647
1.747612
0.35128948
1.579211
2.17544
0.9033668
1.5394149
1.4201845
1.7083693
0.9741685
1.7724433
2.0616064
1.9670875
1.6984249
1.6095284
1.4038091
1.6119394
2.253949
2.544505
0.78979003
1.3197438
0.5627185
1.207276
1.610085
1.7519162
1.1794344
0.47205025
1.4312503
0.42284212
0.7667881
1.2108967
1.7568824
0.87991685
1.3351887
0.70076245
1.5398772
1.1254165
1.7134846
1.5453019
0.7361871
1.3507074
0.652032
2.5577059
1.2528929
2.2766838
1.5826149
1.2663177
1.5290589
0.58775276
1.3734294
1.1715965
2.1562304
0.45435178
2.553334
1.4944068
1.565965
0.7812836
2.7837837
1.5691288
0.65479726
2.9836676
2.5380793
1.0587468
1.9400822
1.616275
1.9654748
0.66886246
0.6147854
1.5941314
3.6937299
1.3438544
1.4249057
0.7058978
0.32258025
0.5848891
0.91832656
1.2603345
1.7155637
1.1095405
1.678027
0.5244888
0.5681535
0.37485877
1.6887568
0.5582121
1.1449119
2.4183273
0.9070864
1.1612331
2.6260102
1.6331301
0.13000946
2.1369069
1.028972
1.4566673
0.9440195
1.9408537
1.4893517
1.3967384
2.792475
0.5712276
1.1752813
1.8647047
2.092098
1.17381
1.3271232
1.5279411
1.0468413
1.0099163
0.95294255
1.1706887
3.590999
1.696322
1.912034
0.68931675
1.1225529
1.8618734
0.92786825
0.7499378
0.9697585
1.1840552
1.323719
1.9820008
0.4694849
1.2200867
1.3304187
0.57322013
0.6112875
1.5151929
0.88785946
1.4641987
1.4813068
2.1880898
1.0340054
2.3175187
1.9037462
0.90983534
1.5490118
2.6068501
1.6296768
1.829931
3.8964863
1.2331125
1.2532243
1.6285744
1.1112748
0.72013664
0.39443502
1.4018838
1.8936764
1.6649506
1.1657721
1.0227904
1.3077246
1.0914204
1.7512057
0.5823567
1.6347662
1.3404835
1.5241761
1.6153748
0.97811174
1.3497344
2.148756
1.5527725
1.737744
1.4031457
0.55689347
1.571333
1.479884
1.7198216
1.5468731
1.4676553
2.0025935
1.9516612
1.0870658
3.215034
0.7166358
2.5817287
0.4318462
1.0868149
1.9378598
2.0181868
0.39059898
2.0415552
1.5537748
1.644899
1.0510268
1.3929924
1.671947
2.001335
1.4233233
0.857337
0.81735796
1.3323128
0.56702614
1.930281
1.3275752
1.4059452
0.6865122
0.42265564
1.7299156
0.8603391
2.867935
1.0624707
1.2901082
2.0502362
0.26626554
1.3946033
2.2458327
1.1068947
0.18222117
0.46841955
2.9778943
1.4663472
1.7138163
1.0457975
2.147943
1.4088696
1.1871943
0.8724915
1.1657792
0.67065096
1.9500059
2.14223
1.6286554
0.28458828
1.7452734
1.4188963
0.24469616
0.62034404
3.0332959
1.4859824
1.3839939
1.8220356
2.1261349
0.7390717
0.3631463
0.66478264
1.5536163
1.9771961
1.1749028
2.0090213
0.37105706
0.32362878
1.6495409
2.0972586
1.1885692
1.9387232
1.7255002
0.96680266
0.8330825
2.2366133
0.768023
1.4540824
0.91831744
1.8185579
2.5413873
2.0050032
1.2625121
1.1517068
0.31232786
1.1676793
2.0425632
1.3986441
1.7993277
1.797333
2.039853
2.397304
1.5981653
1.6643128
1.5277706
1.347164
2.1462154
0.84975
0.40970287
1.5394969
1.112267
1.5784328
2.2482312
0.64116377
0.9655578
1.8867463
1.1630607
2.0821056
1.6263366
1.7632601
1.7178948
3.701969
0.5206073
0.43877953
1.4093734
0.8231897
0.76218826
0.7114449
1.0365927
0.8412276
1.0785211
1.5504305
0.70091
1.844552
1.5511113
1.5063641
0.69709945
1.7614969
1.8882314
1.6018606
0.9305584
1.4238085
1.0654733
1.561252
0.62208724
1.1456252
1.6204015
1.1083854
1.2977303
