0.82549345
1.2178391
1.2599988
1.5234885
0.80886376
1.5070645
1.1913038
1.632484
1.323488
0.44442695
1.9569391
0.8512147
1.4999664
1.311604
0.75183606
2.9884446
2.0581765
1.7418845
1.5146207
0.9357336
1.262986
1.5184137
1.3105894
1.3576722
2.4810228
1.0592997
1.7245158
0.31994447
0.87351555
1.2463964
1.2792435
2.5135422
1.1004045
1.4792023
2.5425205
1.0563428
2.079364
0.9561251
0.87814265
0.8433235
1.5295248
1.7108516
1.5722632
0.9683348
2.30363
1.5598541
1.5971841
2.3268614
1.0300432
1.4331292
1.6619228
1.7831869
1.8187648
1.7243849
1.0398809
0.37707353
0.7977849
1.674437
0.89012927
0.59706587
0.6998988
1.6145314
1.8225069
0.4359304
0.66413563
2.8329165
0.49160555
3.04492
1.1052713
1.6257607
0.9274655
0.939264
3.011929
1.5674363
1.4529164
0.7461865
0.5914026
2.2004514
1.1149565
0.32594213
2.0892625
1.5607601
1.6373512
1.4063348
2.178478
1.0400504
2.1386216
1.3090904
0.7573503
1.4483812
1.2987008
1.5993258
2.2465956
2.089663
1.7940826
0.71459
0.5876876
2.1079388
0.8544104
0.95950633
1.1334652
2.790762
1.936316
0.98161453
0.9632712
0.52799547
1.4328301
0.77931863
0.81421983
0.9462653
0.75412595
1.5340538
0.9648607
2.2358828
1.8173709
1.9814386
3.270601
0.9488117
1.3431091
2.9657524
1.6385721
1.1210729
0.594883
2.7097526
2.0478632
1.2674904
1.9120613
1.5184617
1.8886759
1.9852266
3.9900343
1.2616991
1.6483908
1.505152
1.2240804
3.614776
1.5021989
1.4559945
1.4386507
1.6868428
0.7935725
0.5476538
1.5702106
2.1763775
1.4703333
1.7953732
0.66694117
0.6405427
1.5925287
0.8314669
1.9907713
1.3793473
1.5506475
1.9062642
1.2898895
1.2621431
1.6997013
1.0712559
2.547588
1.7246588
0.76721174
1.3462005
0.8038765
2.4046874
1.2223809
0.34587651
1.1015362
1.1367894
1.0140897
1.9344964
1.0427699
2.806913
0.38425946
1.6684388
1.7885633
0.6734484
2.3562741
3.6858482
1.0306016
0.9660474
1.2427777
1.9492629
0.83652246
0.5356834
0.4729786
1.2681198
1.1013082
1.6224986
1.978915
2.097168
2.6667664
1.6763208
1.3051952
1.5517657
1.5476289
1.4041984
0.81860274
0.26721025
1.3252604
2.7440271
0.82840794
1.3946087
0.22540063
0.6694842
0.5033971
1.7651408
1.2853734
0.5376681
1.5948485
1.7916226
1.9798862
0.4736539
1.8060753
0.92358893
2.3129537
2.1890645
0.18558607
0.6485359
1.1367795
0.45269305
1.0168115
1.5182163
1.652802
3.2420077
1.5733104
0.65815395
3.0608344
0.87342554
1.4980574
4.0288386
2.4964564
0.6402307
1.0672681
0.71765476
1.3562502
0.9489436
2.3380215
1.5285082
1.2991666
0.43014938
1.5912097
2.054957
2.7298434
3.2986128
2.2553487
1.699435
1.815347
1.1464055
1.6537225
1.1126752
0.44357413
1.0923827
1.5620596
1.046218
1.4248017
0.9095943
0.6434446
2.3988676
1.1903844
1.771492
0.66193384
2.7770653
3.6149814
0.114250705
0.6946628
2.0661964
1.529655
2.431534
1.9251846
1.0254409
1.4715158
2.0893745
1.1671993
1.6243393
0.9996837
1.045388
1.530223
0.92532784
2.6077855
1.268138
1.0069932
1.8598143
2.1203449
0.8002182
1.6158136
2.1564145
2.3279593
1.7160488
1.0629557
1.4739679
1.8667034
1.6965524
0.8373848
1.2490438
1.6556888
1.5188679
1.661791
1.6606268
1.7194506
0.739913
2.5185971
1.8377708
0.74859464
0.8299132
1.841772
1.2057533
1.5733811
2.6490316
0.5646216
0.9562233
1.2710006
0.80854344
1.2018594
0.5938133
1.169801
1.5124719
1.2733829
0.4033559
1.3239659
0.99018383
0.75370866
1.10708
1.1357782
1.8288589
0.528236
0.6472497
0.99956423
0.48620743
2.0126464
1.4657528
1.4933047
1.0142975
1.1922281
1.6483392
1.8159039
1.8491094
2.6128025
1.6791708
1.5157757
1.9254453
0.9027645
1.4005253
1.4139447
1.5784712
1.5938535
1.1919012
0.8558888
1.3588885
0.32995734
0.60610294
1.1020308
0.5330972
0.76597583
1.752966
0.5383176
3.0909615
1.7831023
1.2213488
0.85799915
1.3118367
0.39392933
1.5077155
1.231319
0.42376155
1.4882977
0.594883
1.475903
1.1166878
0.98574495
1.0787148
0.8735107
1.2657849
0.8764219
0.7631796
0.363669
0.23037875
1.8832326
2.3859096
1.3533692
1.9049963
1.4881747
0.6785936
0.48150936
2.8258665
1.9043415
1.4387496
1.4344616
1.1064188
2.232602
1.2210844
1.6526303
0.630038
1.6647128
1.6190861
0.7974801
0.57330114
1.5328876
1.4194999
1.4164804
1.8477553
0.80722517
1.8571521
1.4212207
1.3453969
0.64890283
1.8235633
0.40379176
1.8418897
2.2323356
0.8726502
1.5400215
1.4033208
1.7667313
0.99307036
1.7836592
2.0119963
1.9650646
1.6617117
1.6290858
1.4549755
1.6679336
2.2840242
2.2950773
0.81782067
1.3265947
0.65467846
1.1448591
1.6146655
1.5683447
1.327577
0.45838663
1.423519
0.4359304
0.82414216
1.2989388
1.8050228
0.88989574
1.4082431
0.60369325
1.6346793
1.0398121
1.6660621
1.5669874
0.78763473
1.3046612
0.62045527
2.5518856
1.2840226
2.3068252
1.5070279
1.3038651
1.5894984
0.63124675
1.2023953
0.99284905
2.1856554
0.40954286
2.6289396
1.3590935
1.5396773
0.7439614
2.7801626
1.5688965
0.62724185
2.9202497
2.5908442
1.133104
1.9438099
1.495991
1.8451275
0.69504184
0.6705188
1.3997983
3.665257
1.3655475
1.4710845
0.72251844
0.31657392
0.5898416
0.9005463
1.3079656
1.691946
1.2872367
1.6685925
0.6177252
0.57063013
0.4040572
1.6462313
0.5643668
1.1307334
2.4004846
0.85443765
1.1327763
2.6351035
1.532726
0.23417684
2.1055381
1.1736302
1.4428651
1.133507
1.956336
1.5063095
1.4440616
2.8273444
0.6245577
1.1462697
1.9728179
2.1059537
1.0647645
1.1586157
1.463244
1.024264
1.0371
1.0107222
1.1630956
3.5912018
1.7147162
2.00563
0.69878495
1.0796642
1.9303496
0.9801148
0.7382295
0.9898692
1.1937817
1.3891224
2.0484753
0.4082513
1.2731066
1.4475439
0.5091774
0.53483045
1.5336382
0.87164515
1.331823
1.5519862
2.228721
0.94453424
2.2781672
2.0639668
0.84254515
1.670825
2.5595775
1.5919756
1.8488486
3.8702009
1.3889642
1.3576926
1.5017574
1.1173774
0.8465485
0.4524669
1.387469
1.9282184
1.5745593
1.2229695
1.0378835
1.1760801
1.0199146
1.6576691
0.59074384
1.594184
1.281223
1.637569
1.7277375
0.9416083
1.4682803
2.089677
1.6252786
1.796922
1.4805481
0.5610906
1.7700124
1.5404909
1.7729213
1.5193678
1.409973
2.116412
1.8228137
1.0496634
3.2158713
0.5668908
2.5222418
0.3616132
1.0164798
1.9788398
1.8835422
0.363669
2.1336832
1.477535
1.5773782
1.1820189
1.3950812
1.7138249
1.9301983
1.3032337
0.95237
0.8631889
1.2721878
0.55178714
1.7710016
1.3327602
1.4352254
0.73147917
0.47194263
1.8251541
0.9384779
2.9546943
1.1405922
1.3397925
2.0524569
0.23105867
1.2900095
2.2423544
1.1551867
0.33055958
0.47328752
3.0680158
1.4871709
1.7848694
0.9535297
2.13753
1.3871185
1.1319176
0.92801255
1.2455052
0.6419506
1.9238083
2.0223534
1.5331427
0.3395348
1.992845
1.4329406
0.30227444
0.5779456
2.9208746
1.5425962
1.4051017
1.9126284
2.2090616
0.66694117
0.4079536
0.6787534
1.5976838
1.8884883
1.1812868
2.0533419
0.3747966
0.2683286
1.6803657
2.0081882
1.1672095
1.9898787
1.6124899
0.8071542
1.0021372
2.2857497
0.9211517
1.5361657
0.8741244
1.812055
2.5142317
2.0795472
1.1205143
1.159236
0.32855627
1.1745939
2.0250401
1.3298194
1.9093175
1.785412
2.0731316
2.4355185
1.4702427
1.5814244
1.575557
1.2151371
2.221156
0.8106012
0.4073711
1.4600104
1.1318647
1.5929954
2.2671452
0.68858457
0.8665994
1.7926503
1.0111667
1.9952883
1.6167969
1.8409562
1.7592053
3.7650318
0.5880849
0.3783951
1.5264912
0.81718343
0.8776781
0.653108
1.1523851
0.9328898
1.1731579
1.6143246
0.70492667
1.9285485
1.4550587
1.3939954
0.55232817
1.6152452
1.921412
1.4670448
0.93900895
1.4911448
1.0005622
1.5939939
0.55712765
1.1810443
1.6233139
1.1040698
1.2788652
