0.87803566
1.1230763
1.2154144
1.6334337
0.8988327
1.3926109
1.1080273
1.6529589
1.3501441
0.3051297
1.9283013
0.8213788
1.4908584
1.3668296
0.6322761
2.9171262
2.0270743
1.7851253
1.5175074
0.98863983
1.2504224
1.5314105
1.3239045
1.3755941
2.4697187
1.1860996
1.7517704
0.32938454
0.84203535
1.2122693
1.277915
2.5424109
1.1795477
1.4379362
2.5484328
1.0690582
2.0108502
0.9553254
0.8202061
0.840265
1.5202738
1.5598304
1.6257224
0.9945684
2.4303298
1.6143893
1.5473757
2.3391588
1.231612
1.5928448
1.6886541
1.7263492
1.7654876
1.7765568
0.9935909
0.31950444
0.84008616
1.6731179
0.8200073
0.55041575
0.7414645
1.5275557
1.8343939
0.44468045
0.74267244
2.68015
0.47007462
3.1350827
1.0266311
1.5034907
0.9572723
1.0747412
3.0204651
1.5240133
1.4383757
0.7242324
0.7191153
2.2947733
0.9892033
0.29365578
2.0880482
1.4279956
1.5774676
1.4725457
2.0985084
1.0583043
2.00828
1.3429937
0.7879588
1.3901917
1.2475506
1.6353134
2.2258904
2.084882
1.6872052
0.7296471
0.6376839
2.2364275
0.88615185
1.0159098
1.1482453
2.8679836
1.8914238
0.7804958
1.1583093
0.5320949
1.4228574
0.740963
0.8223192
1.0492013
0.7286226
1.5483006
0.91088444
2.2047563
1.6334608
2.0421436
3.142352
1.0054455
1.3662047
3.0169978
1.7259218
1.1548452
0.65006185
2.711572
2.2054143
1.366422
1.8639357
1.4179406
1.8670956
2.0833318
3.921109
1.3156339
1.4714744
1.453653
1.2817299
3.7023323
1.5550911
1.5197445
1.419909
1.5869279
0.8265393
0.49365973
1.7532958
2.2557142
1.5639813
1.82651
0.6611211
0.47746006
1.6150974
0.66070956
2.022445
1.3873466
1.6011738
1.9787049
1.3608896
1.265606
1.8041483
1.1818545
2.316505
1.7499989
0.6574383
1.3994162
0.8949185
2.2799475
1.1829365
0.30231386
1.030357
1.2315165
0.9379111
1.9388051
1.0866154
2.794763
0.4003333
1.6013802
1.7324172
0.70501745
2.1888802
3.7956052
1.1113701
0.99804145
1.2726012
1.9599893
0.8394325
0.428372
0.48408106
1.1679181
1.111217
1.5054557
1.8398441
2.2147555
2.7428176
1.75729
1.1626639
1.6135104
1.4058641
1.3683934
0.9319382
0.2427308
1.3537246
2.764992
0.8969577
1.4785347
0.23830757
0.72355354
0.46620816
1.7996055
1.4194952
0.53458714
1.7508836
1.9227479
1.872953
0.482729
1.8171781
0.9504827
2.2032864
2.2181602
0.3594716
0.62729824
1.2671362
0.46983624
0.93609816
1.4134474
1.750871
3.3223853
1.5922328
0.5409069
3.026366
0.88731915
1.4455817
4.067107
2.4489846
0.7294387
1.1005725
0.6881298
1.3056952
0.84897506
2.305763
1.616615
1.2293514
0.35609704
1.5305423
2.085132
2.7468045
3.3414552
2.2392144
1.6972919
1.7811118
1.2417033
1.6458678
1.0476176
0.5350731
1.3432518
1.6718392
1.0158435
1.4194952
0.95037884
0.78165084
2.361907
1.3330532
1.636979
0.73491955
2.8035872
3.567833
0.13768822
0.63947153
2.1440887
1.4866022
2.5346005
1.9835085
1.1588479
1.5094324
1.9987607
1.1141115
1.539734
0.99205285
1.1211879
1.582672
0.8226736
2.6100552
1.1221603
1.0392172
1.9484236
2.2769318
0.7237263
1.6761191
2.0104048
2.3753788
1.6882038
1.006913
1.4376652
1.8708478
1.6940504
0.8364738
1.2321004
1.6303422
1.4612348
1.5448098
1.6707587
1.6917956
0.73121506
2.3572178
1.8079323
0.82563776
0.790005
1.9066647
1.1769141
1.6329384
2.5575194
0.6694423
0.94652706
1.3008423
0.7912824
1.2279856
0.62083936
1.2387295
1.7025632
1.2978975
0.4003333
1.3739175
1.0478799
0.7474596
1.2215691
1.0950376
1.822467
0.62706965
0.66499704
1.0465009
0.54528326
2.0469317
1.3273448
1.4029317
0.9200409
1.1993436
1.5791887
1.7383235
1.7642671
2.5171402
1.7921393
1.4918303
1.9659271
1.0445307
1.4776543
1.3226944
1.5480996
1.5975842
1.159803
0.88199735
1.2892752
0.33800295
0.677543
1.1262614
0.4085862
0.7813222
1.802689
0.51183593
3.2035928
1.7513442
1.1973412
0.84128785
1.2496542
0.50616443
1.408392
1.2152812
0.35071585
1.551485
0.5959832
1.5290813
1.0635377
1.0115763
1.0954826
0.8389361
1.2155815
0.7828932
0.7111566
0.34686476
0.25611356
1.9366015
2.0623088
1.302911
1.9254253
1.5288388
0.6447451
0.426958
2.745037
1.9147888
1.5160764
1.4841567
1.0641785
2.2205358
1.2755117
1.653367
0.65030533
1.5702447
1.6270331
0.8086249
0.60094476
1.6268313
1.609619
1.5986068
1.9061058
0.8673488
1.8369693
1.2685333
1.3394327
0.64232016
1.6992435
0.38927063
1.6412172
2.2916234
0.93642145
1.5965995
1.2828115
1.6842645
1.0180877
1.773162
1.9718536
1.9117184
1.7630645
1.6243535
1.3368094
1.6266221
2.2269866
2.4259741
0.8295695
1.291879
0.52210224
1.0337934
1.6335713
1.8117508
1.1790702
0.4603431
1.4095733
0.44468045
0.9092483
1.2508854
1.777564
0.8968026
1.4053211
0.517015
1.518921
1.0891707
1.7308749
1.4281828
0.6477012
1.2054558
0.5881341
2.5059485
1.2772356
2.2471404
1.4699705
1.3260194
1.459417
0.6018321
1.3382379
1.0894929
2.1756675
0.49726325
2.7136438
1.4589947
1.6287736
0.80062276
2.8382878
1.540037
0.6546625
2.9065113
2.5539887
1.049557
2.0029268
1.6227939
2.0766175
0.63301396
0.62573
1.5198447
3.7204776
1.3408617
1.4960815
0.6553775
0.3495724
0.5916539
0.95527095
1.2146399
1.6871562
1.1823629
1.7298876
0.49906573
0.63108367
0.30311674
1.606659
0.52633536
1.243634
2.3959155
0.90813357
1.0182302
2.5956442
1.6937666
0.31105494
2.1431274
1.0324687
1.414462
1.0158157
1.8008729
1.4557524
1.4360154
2.8800282
0.49539313
1.1431314
1.96312
2.113569
1.1124028
1.2344545
1.4605451
1.1519142
1.0329963
0.9514966
1.1866738
3.6764016
1.619174
2.0085475
0.632668
1.1410438
1.8806272
1.0295664
0.61989397
0.8617881
1.1740031
1.3262563
1.9689895
0.46320567
1.250054
1.543453
0.63916844
0.6035466
1.519373
0.9192649
1.3581575
1.5175619
2.2549913
1.0151907
2.302306
2.1086302
0.9811598
1.6633334
2.5580218
1.6601872
1.9086429
3.9431894
1.208788
1.2393564
1.6159958
1.1602222
0.7698065
0.4003333
1.5322723
1.8809898
1.5639284
1.1089408
1.1226254
1.264929
1.1356822
1.6851113
0.4705512
1.6887335
1.2958357
1.6107217
1.7223392
0.9058831
1.408087
2.127019
1.5919951
1.7172204
1.45224
0.54742414
1.579536
1.5700638
1.7908194
1.5864781
1.383938
1.9904286
1.9196345
1.1450641
3.1666064
0.6733049
2.7159762
0.46396416
1.0879961
1.9222525
2.0623786
0.34686476
2.0710406
1.525042
1.6057788
1.16082
1.4419781
1.6599698
1.9172626
1.4185948
0.93867296
0.93841296
1.4259316
0.61882645
1.8327978
1.3138885
1.478502
0.54836977
0.46672362
1.7976239
0.87009007
2.892329
1.1683987
1.3883482
2.0428143
0.3108708
1.2895198
2.2148561
1.2081239
0.21434908
0.42863545
2.9434202
1.4817611
1.6463114
1.0681674
2.0898433
1.3285166
1.2019334
0.94414306
1.1447175
0.688546
1.9638052
2.0300863
1.6255038
0.23089878
1.7217009
1.3621186
0.25782138
0.6452419
3.1022475
1.5800089
1.4163455
1.8444161
2.1698425
0.7969342
0.4044557
0.58094245
1.390381
1.9872435
1.3100784
1.9972473
0.3477297
0.30713886
1.6666112
2.0480144
1.1864861
1.8778849
1.7363478
0.9262307
0.8894719
2.2114317
0.6981972
1.5084599
0.8597201
1.7693866
2.4922886
2.0021737
1.1596503
1.2034035
0.29459077
1.12791
1.912549
1.3684647
1.7485011
1.6926782
1.9700737
2.3794394
1.6725173
1.7602799
1.5331528
1.3211308
2.212504
0.8443326
0.35634813
1.5818083
1.0971305
1.6297736
2.257801
0.6220218
0.951274
1.9228306
1.0652275
2.1251683
1.610438
1.7493396
1.6469432
3.66956
0.54681206
0.45075908
1.4524812
0.813763
0.8217083
0.6487574
1.0983415
0.8031145
1.2445304
1.5212393
0.58507407
1.7193564
1.4703968
1.5789616
0.58832395
1.6534548
1.9117213
1.5461699
0.97413945
1.408328
1.0825362
1.589194
0.44805685
1.1013774
1.6198494
1.1893911
1.1748657
