0.8374591
1.1623996
1.1554295
1.5658222
0.91070145
1.5570118
1.0944986
1.535397
1.3065611
0.4946384
1.9580715
0.88179207
1.5162448
1.4070507
0.75274825
2.9616406
2.2289333
1.7715704
1.4572234
0.98086715
1.2295104
1.7517241
1.2967241
1.3567871
2.6089098
1.1571765
1.6166627
0.37371773
0.8363827
1.1861032
1.3645519
2.493479
1.0795897
1.4279871
2.5656433
1.1603551
2.0748434
0.99457437
0.9885244
0.7422036
1.5171858
1.6450686
1.6319755
1.0088466
2.458
1.6243079
1.5562131
2.3845856
1.3101021
1.6376506
1.8151041
1.7146302
1.8261545
1.9322021
1.0059884
0.39413592
0.7745743
1.7522019
0.9455509
0.5887818
0.70711106
1.6531723
1.820892
0.42496216
0.65658563
2.7504807
0.41878936
2.9833927
1.040847
1.4816054
0.90988517
1.0230465
2.9551513
1.4940226
1.3550467
0.7185137
0.6293111
2.3126447
1.0368396
0.32468078
1.9798999
1.4779031
1.5177832
1.470549
2.1622088
1.0506284
2.1272855
1.4397483
0.75319004
1.3900212
1.4328496
1.5631151
2.1219075
2.0322766
1.7973229
0.6469698
0.6573349
2.2204638
0.9336384
0.99388444
1.0684745
2.7980294
1.9882678
0.8813578
1.048374
0.51751035
1.4678494
0.69848084
0.8504972
1.1420928
0.76921874
1.5005685
0.90107244
2.2343805
1.8319998
2.0086994
3.152388
0.96615225
1.3394353
2.9968617
1.596221
1.1788309
0.5870016
2.5632393
2.1879585
1.3590786
1.8918502
1.5110809
1.8196857
1.99215
3.8332148
1.3177367
1.4886477
1.4936336
1.2460394
3.5358262
1.5353839
1.3825793
1.4854891
1.5693439
0.8329145
0.55892926
1.5669976
2.0655694
1.4313574
1.8947202
0.6151054
0.5149872
1.4935803
0.7929466
2.0899818
1.3871844
1.6649803
1.9272871
1.287466
1.2775066
1.724322
1.1266934
2.384804
1.687343
0.87540996
1.322284
0.80293965
2.3447723
1.2702751
0.34581724
1.1617345
1.0755843
1.0344411
1.9573815
1.1649526
2.6858737
0.32468078
1.5560144
1.8212031
0.76883197
2.2915463
3.5880454
1.0551724
1.0433811
1.1855998
1.9592026
0.9454996
0.45996562
0.49674642
1.2135029
1.2079207
1.4842719
2.0185745
2.2076025
2.7178
1.7717904
1.2930435
1.708915
1.5007591
1.3504446
0.86440444
0.21567732
1.3145853
2.740633
0.8083792
1.3904259
0.26677385
0.6552549
0.5101004
1.856205
1.3362362
0.52720803
1.6537609
1.8677253
1.9297514
0.44844347
1.7580837
0.90594894
2.3842208
2.0744512
0.27472934
0.61884934
1.195031
0.33869413
1.0425699
1.5199451
1.7493913
3.2421892
1.5421576
0.57113385
3.0420825
0.9469941
1.4668537
3.939366
2.4253054
0.6687669
1.0302254
0.6470759
1.2244995
0.8167322
2.3644347
1.520877
1.0675645
0.43277365
1.5331495
2.1245673
2.8328333
3.3270082
2.280784
1.7705572
1.9086802
1.3504488
1.595018
1.103398
0.46109802
1.2453083
1.5999779
1.0898045
1.3902469
0.9419243
0.6919887
2.4431446
1.2965297
1.7288731
0.6798017
2.786502
3.6602297
0.19498125
0.70045537
2.0456877
1.4866903
2.5916326
1.8532722
1.0189725
1.4431629
1.9974451
1.0982333
1.5975052
0.98510635
1.0242648
1.4306761
0.8922767
2.5579953
1.1972901
0.98246795
1.9193951
2.0883348
0.7800154
1.766677
1.9881055
2.2439907
1.7714326
0.95948064
1.37082
1.9347684
1.6275201
0.7653571
1.2990758
1.7302706
1.4858509
1.7187481
1.6246758
1.5326638
0.775976
2.4791853
1.8409044
0.8597796
0.7741011
1.859122
1.2456437
1.5509092
2.5102432
0.62639135
1.0794439
1.281045
0.78219604
1.3253398
0.49689785
1.185915
1.46833
1.3704584
0.37731877
1.3672024
0.9367987
0.90571094
1.1788318
1.1971289
1.8667833
0.54549587
0.594424
1.0365906
0.57842124
2.0806658
1.40672
1.4668294
0.8498108
1.1871558
1.546699
1.874608
1.7711158
2.7065094
1.6271281
1.3839782
1.9505125
0.9722137
1.3233901
1.3279812
1.5067166
1.5116154
1.2561667
0.8744439
1.4317766
0.3711157
0.7025652
1.1781074
0.53367877
0.7213426
1.8074262
0.49021825
2.9430335
1.8639153
1.196331
0.9102976
1.2632039
0.44297853
1.423689
1.3048701
0.42522606
1.5492367
0.6319636
1.5653406
1.0258552
0.8460209
1.010604
0.8265482
1.1357794
0.8016874
0.7353172
0.32673585
0.37485263
1.9103602
2.1595652
1.2180161
1.9147168
1.3940904
0.71528894
0.45299277
2.9121025
1.9480819
1.3625603
1.4780911
1.0256518
2.1234648
1.2095422
1.6995938
0.56565624
1.6821533
1.6873119
0.84247965
0.61703575
1.551256
1.445114
1.4797887
1.9171709
0.75083786
1.7699472
1.3428959
1.3423017
0.5329156
1.8162847
0.4018598
1.6997
2.2087433
0.8994151
1.6177851
1.2284915
1.7700559
0.94053525
1.7183079
2.0113053
1.9194309
1.7278119
1.685447
1.3518101
1.5105608
2.2669566
2.2453177
0.8207257
1.2765747
0.55868834
1.1572646
1.7438141
1.663616
1.1990035
0.44377118
1.3762822
0.42496216
0.92106974
1.3051428
1.7402533
0.8081838
1.4677052
0.6183794
1.6296854
1.0579699
1.7268327
1.5890304
0.6358745
1.2963642
0.7007737
2.612837
1.206048
2.323828
1.5785013
1.3036468
1.5457944
0.5580101
1.3315083
1.0876851
2.1195276
0.4787674
2.737844
1.3491478
1.5382615
0.7702516
2.7190726
1.5054668
0.6628138
2.9664345
2.4458084
1.1395947
1.9687823
1.6767211
2.0456574
0.75638485
0.61418176
1.5567776
3.8547392
1.318879
1.4040318
0.7254233
0.3657372
0.50566304
0.8247748
1.2666665
1.6903608
1.1348792
1.6323754
0.58487386
0.53069687
0.447419
1.5925621
0.50993586
1.2007148
2.406188
0.9079927
1.1300492
2.5374
1.7041391
0.19712187
2.0880675
1.0464371
1.4465177
1.0703574
1.8676445
1.4247444
1.4557813
2.7995713
0.5667068
1.1058649
1.9232349
2.0975518
1.1356745
1.2481573
1.3730993
1.2418474
1.1686283
1.0706404
1.1378694
3.70651
1.6258799
2.058701
0.68294865
1.1327882
1.9201691
1.0946277
0.7239104
0.80616146
1.1645703
1.414843
2.0082626
0.45416173
1.3410505
1.465789
0.4979547
0.6009423
1.5563889
0.89135057
1.3956861
1.5175334
2.2360642
1.071205
2.2395918
1.9762237
0.8986028
1.583735
2.6032043
1.5190604
1.8127201
3.8807716
1.308533
1.2941222
1.4976703
1.1099355
0.8436093
0.51615477
1.5192431
1.835856
1.6156486
1.2308369
1.0776391
1.2338545
0.964175
1.6152971
0.56686836
1.652368
1.2361246
1.5139308
1.6786486
0.94618416
1.4775068
2.165957
1.5958009
1.708018
1.3585348
0.64932793
1.8393028
1.4568256
1.7892696
1.509595
1.5109841
2.05085
2.0575798
1.0795337
3.226387
0.7345511
2.535678
0.3830959
0.9934062
2.0456495
2.0111244
0.31322107
2.020336
1.480358
1.6119945
1.2112207
1.4043318
1.659866
1.9388573
1.2821413
0.90588033
0.8581219
1.2683526
0.5823366
1.9093647
1.3131951
1.4785601
0.6044681
0.45849487
1.6559595
0.9525788
2.9003518
1.055771
1.4114318
2.0808568
0.14440894
1.3369623
2.2089963
1.1020166
0.23580155
0.4162057
3.062052
1.4485728
1.6706676
0.98401296
2.141183
1.4511901
1.1432103
0.96945804
1.1141703
0.68149304
1.9625349
2.1154313
1.66242
0.26899463
1.9817933
1.2862628
0.4036637
0.6228697
3.121792
1.6542073
1.5360118
1.8045013
2.2043557
0.72981185
0.2896758
0.743782
1.5838579
1.8580232
1.1518902
2.0789733
0.32468078
0.21522781
1.5859075
2.0619643
1.2562015
1.7646619
1.709279
0.928903
0.92657113
2.274786
0.8280581
1.5834761
0.96480757
1.8562378
2.4798698
1.988791
1.131031
1.0742868
0.22470075
1.0566747
1.9383403
1.4030606
1.9613905
1.7459491
2.035256
2.451544
1.4045912
1.580282
1.5064934
1.3095022
2.165261
1.0291414
0.42496216
1.4838035
1.2533643
1.6105064
2.330208
0.722541
0.97038025
1.9017754
1.1031104
2.026155
1.5927049
1.7464885
1.5059961
3.6624959
0.56152165
0.66340005
1.4427764
0.7568359
0.80824184
0.6375553
1.2990425
0.839349
1.1168061
1.4516071
0.74810314
1.8318739
1.4367977
1.5435297
0.59889936
1.7048922
1.9179474
1.5013634
1.0282764
1.423576
1.1288491
1.6656237
0.4981512
0.9928703
1.566282
1.1529241
1.4495336
