0.7613951
1.2006543
1.2216774
1.5806402
0.9069743
1.5287277
1.0765129
1.5532051
1.3718767
0.38853708
1.9220096
0.93291914
1.4970174
1.3690338
0.655529
3.0131998
2.078136
1.7530742
1.4269001
0.956387
1.2844899
1.6522698
1.2579643
1.4579889
2.4926805
1.1373537
1.7048522
0.2739267
0.9512131
1.2716411
1.4357455
2.4968755
1.1029145
1.5472732
2.6206927
1.1077023
2.1293864
0.97339493
0.89474595
0.8120682
1.4751458
1.5910022
1.6837118
1.1000221
2.4011834
1.6019423
1.5425489
2.417447
1.210454
1.576033
1.7308681
1.730307
1.701693
1.8853391
1.0442833
0.39646566
0.8203636
1.9156901
0.86044514
0.58434474
0.67627275
1.5831709
1.8771925
0.44482556
0.75381076
2.7582586
0.44795188
2.9578936
1.013456
1.5691675
0.86367315
1.0652206
2.9117403
1.526627
1.3753214
0.7322791
0.58224237
2.341657
1.0141737
0.2739267
2.1300433
1.4463751
1.5570709
1.5257885
2.1115086
1.092562
2.1003788
1.3504118
0.7345006
1.4308144
1.3684132
1.7270399
2.122571
1.942594
1.6757226
0.6405711
0.6491534
2.1031797
0.8522125
0.97804594
1.0634962
2.8853972
1.9666789
1.0123426
1.0724254
0.56134504
1.4976757
0.7454226
0.70794916
1.0212148
0.6724535
1.621738
0.77437633
2.1375756
1.8534981
2.0553362
3.2867186
0.92834634
1.373203
2.9814513
1.580972
1.0925869
0.61104447
2.605548
2.2378666
1.2825681
1.888757
1.5035452
1.8304666
1.9784034
3.943151
1.3217502
1.4254308
1.5671749
1.2063626
3.5648322
1.5442433
1.4716504
1.4272888
1.689545
0.8037996
0.46989334
1.6452639
2.1067731
1.4704922
1.8621624
0.6426398
0.5881215
1.5122559
0.8185332
2.0551898
1.4260235
1.6074529
1.9109277
1.3364156
1.2779855
1.6951846
1.1506679
2.446136
1.6480637
0.8287727
1.2529783
0.8680879
2.3938508
1.2631152
0.26560155
1.1280612
1.2232537
0.92506075
2.0021036
1.0980203
2.7266686
0.34796134
1.6209005
1.7920225
0.75985414
2.3886218
3.5112672
1.0561098
1.0050026
1.3322551
1.9298974
0.894651
0.5338049
0.49331942
1.1321378
0.9992065
1.6302823
2.0015056
2.093627
2.711689
1.6914188
1.3226209
1.6784425
1.3275782
1.3263296
0.94244856
0.2315395
1.3061657
2.718797
0.8046699
1.4867536
0.30900243
0.6631418
0.6138897
1.8126374
1.3138509
0.53698426
1.6136142
1.9006852
1.9626002
0.46998477
1.761888
0.9337969
2.3233428
2.1241913
0.25804922
0.70434153
1.2085893
0.39504686
0.9631735
1.3919342
1.7449641
3.2736917
1.5893323
0.6588723
3.0056524
0.8747477
1.5098691
4.040335
2.4696543
0.7556821
1.0852004
0.6528301
1.179788
0.8414829
2.394112
1.4843179
1.2160108
0.33764806
1.5613635
2.0637083
2.8246439
3.3452044
2.2777321
1.7312937
1.9102103
1.3374683
1.5008943
1.0543847
0.5561026
1.1972889
1.6733735
1.047618
1.2691083
0.99854714
0.7471399
2.3395815
1.4242184
1.7315578
0.6391704
2.8005402
3.7037127
0.18698286
0.74702334
2.0787532
1.3494471
2.6636827
1.9249828
0.9415822
1.4548641
1.9739764
1.1895523
1.5754167
1.0771024
1.0473914
1.6090964
0.85007834
2.6280866
1.2491286
1.0034055
1.8348055
2.1958451
0.83528626
1.6715909
2.0157635
2.32519
1.7135798
0.94061816
1.4386771
1.9558914
1.6641294
0.8362723
1.2448952
1.7802885
1.494942
1.5945393
1.5926571
1.5960127
0.81616753
2.4845717
1.7659369
0.8364645
0.864258
1.8586375
1.1611269
1.57306
2.5207326
0.56635314
0.94392776
1.3324478
0.7405114
1.3069971
0.531072
1.103824
1.6843655
1.3770784
0.34796134
1.4336258
0.9935291
0.7544009
1.2250712
1.1959941
1.8025252
0.5707418
0.5763062
1.0543272
0.5397897
1.9919965
1.3880183
1.4357859
1.0189366
1.1645873
1.675949
1.8436077
1.7583878
2.6573029
1.6688999
1.4705133
1.8859292
0.9709418
1.3615297
1.3170246
1.4744521
1.5989057
1.2265627
0.8635965
1.3854408
0.30127403
0.7705691
1.123126
0.6028752
0.7292547
1.7360957
0.40811914
3.05969
1.8487997
1.1600653
0.8739866
1.2781677
0.3856002
1.4668738
1.3598309
0.3907402
1.5951754
0.61104447
1.467272
1.0715232
0.8961934
1.0983229
0.876918
1.1972181
0.88082355
0.765989
0.33787635
0.38766572
1.852425
2.2256837
1.2683051
1.9302195
1.4373032
0.69420654
0.3983302
2.8121014
1.9935148
1.4590539
1.4953443
0.9534303
2.18724
1.2441244
1.670276
0.5386799
1.6099708
1.6932628
0.8002995
0.5899987
1.5875077
1.5137247
1.581844
2.0609949
0.83755296
1.8044164
1.201555
1.19723
0.5171466
1.8278985
0.4013189
1.7338603
2.1606543
0.98145854
1.6124744
1.3655858
1.7561253
1.007294
1.7542374
2.001523
1.9071517
1.7028906
1.6844025
1.3443083
1.6136277
2.297571
2.4410298
0.83927447
1.3925781
0.61658937
1.0736393
1.6424214
1.7656256
1.2288302
0.37421298
1.3354428
0.39584947
0.88339216
1.1417803
1.6927447
0.9925886
1.4494764
0.51475626
1.5010802
0.9883805
1.681355
1.4806272
0.7542588
1.2409747
0.65373874
2.6050973
1.2900188
2.3481402
1.44738
1.3823874
1.5895498
0.5258331
1.367472
1.0796831
2.113682
0.40243515
2.70673
1.3627101
1.4750181
0.66530865
2.7776515
1.4913152
0.66634417
3.0266073
2.4822958
1.1326214
1.9020495
1.6278542
1.9966372
0.7659464
0.6236879
1.4892154
3.8705478
1.2821529
1.4377594
0.6735438
0.36161324
0.5590067
0.89703035
1.3305565
1.6844025
1.2757239
1.7255955
0.64153624
0.52950025
0.41098237
1.645901
0.53987724
1.1991323
2.442388
0.93221253
0.99439573
2.5622687
1.5983199
0.3047663
2.1836557
1.0306573
1.2842537
1.0122371
1.9017885
1.4487352
1.3748877
2.680185
0.5790777
1.1205008
1.8991414
2.026234
1.2090167
1.2637912
1.3958004
1.0592204
1.0730209
1.0437986
1.1516223
3.6728194
1.6169376
2.0295367
0.5584208
1.0519248
1.8274432
1.1251795
0.79000586
0.927994
1.1766987
1.3593493
2.0985296
0.43057817
1.2927634
1.5302248
0.57979256
0.5481974
1.6378094
0.9530063
1.4481213
1.5636538
2.1751182
0.8786608
2.2730362
2.073068
0.9827035
1.6500089
2.584881
1.5354967
1.6738542
3.7879999
1.2500331
1.2964021
1.3938454
1.1150174
0.8089346
0.3684107
1.523498
1.8945247
1.6452392
1.2971922
1.0601726
1.2826034
0.9396991
1.6530869
0.57465696
1.703964
1.2575555
1.5454795
1.7566619
0.8643885
1.4563745
2.0904405
1.565328
1.7712282
1.3891293
0.6382798
1.8601286
1.5061343
1.8016429
1.558031
1.437991
2.095954
1.9195819
1.143307
3.3124151
0.75464034
2.598164
0.40828243
0.9863196
1.9156035
1.9590104
0.37792572
2.1242678
1.4864347
1.6436058
1.1000891
1.4069312
1.7419358
1.9885644
1.2892092
0.82628596
0.81287974
1.3184407
0.4762893
1.8293294
1.3546187
1.4905257
0.7041776
0.5318955
1.7141895
0.9021321
2.8849728
1.148292
1.424125
1.9944967
0.08810145
1.3644365
2.2130654
1.0416608
0.27401558
0.4355669
3.0921116
1.4430027
1.7272
1.0639229
2.1663325
1.4838371
1.0233868
0.8362863
1.2381569
0.6518617
1.9151881
2.0984957
1.6195682
0.26285833
1.8518178
1.3073475
0.3119183
0.61231595
3.1106646
1.5101562
1.3346188
1.8942114
2.219174
0.7293743
0.23103286
0.67039275
1.5742763
1.89797
1.1832085
2.0790062
0.34796134
0.26941812
1.6354841
2.050558
1.2428098
1.9158161
1.6664333
0.8985925
0.9456935
2.274645
0.8729679
1.538705
0.9611046
1.7532103
2.5973423
1.9732755
1.2323319
1.2188015
0.33327255
1.0664151
1.9516804
1.3443015
1.8877032
1.7590674
1.9117798
2.4266958
1.3928956
1.6063063
1.5083185
1.3502678
2.2241743
0.9403546
0.3753087
1.3819045
1.2956496
1.6762946
2.2672434
0.6453637
0.9532241
1.8483704
1.0137026
1.9047834
1.5854048
1.7397664
1.6578887
3.6472757
0.5789347
0.52858037
1.4124287
0.7850052
0.79042524
0.6579082
1.2228978
0.9309963
1.1685518
1.5771317
0.6252435
1.850819
1.536079
1.5516086
0.597292
1.7250742
1.8899103
1.4198428
0.93167305
1.4590551
1.1735108
1.7138668
0.53080165
1.1955398
1.5398401
1.0908115
1.4908432
