0.8299993
1.0797421
1.292063
1.6292443
0.7814757
1.4589782
1.1513537
1.5538218
1.3114723
0.38505742
2.0315492
0.9752225
1.332813
1.2575234
0.57688427
2.9816892
2.0613863
1.7785685
1.4225546
1.1044189
1.2691255
1.609652
1.3883764
1.4580171
2.4986882
0.9889939
1.7417771
0.41025758
0.80740947
1.2588441
1.1959364
2.556156
1.0158253
1.2755406
2.5137
1.0430089
2.1088767
0.94550633
0.96371007
0.78636515
1.5808659
1.5999525
1.5326582
1.102277
2.3284366
1.5538588
1.4724048
2.235119
1.4842939
1.4958029
1.6894703
1.701772
1.743119
1.7936916
0.9859361
0.40050417
0.7715641
1.954111
0.94016224
0.59615135
0.79233265
1.5887252
1.833539
0.41025758
0.6714385
2.5101547
0.4655274
3.0471084
0.9706979
1.5143583
0.8804941
0.9792093
3.0015507
1.435514
1.4042798
0.8417852
0.58584356
2.1814916
1.1525306
0.37914085
2.2924776
1.5529912
1.5272232
1.3698318
2.2736988
1.0721446
2.2399547
1.2909353
0.70986325
1.3687583
1.2435498
1.4935577
2.1859457
2.137104
1.8622172
0.79943
0.5355646
2.29511
0.861464
0.92335206
1.0158592
2.892665
1.8816768
0.7807073
1.0456196
0.6024915
1.4079552
0.55063176
0.8579719
1.1097285
0.81775504
1.5629696
0.92118126
2.311912
1.644053
1.9564377
3.033225
0.8655225
1.4821771
2.8888443
1.6456455
1.0307794
0.5438193
2.5908003
2.2046046
1.4112734
1.9549712
1.3392371
1.8417859
1.9283023
3.9846003
1.2427441
1.4417597
1.4539175
1.0577548
3.6552825
1.4871352
1.5746596
1.4258384
1.7422131
0.7963396
0.5904885
1.501896
2.0127232
1.3835222
1.7799481
0.7074696
0.6369836
1.5876876
0.67191106
2.1228695
1.3846397
1.7137631
2.1154144
1.2958071
1.316624
1.7308359
1.2133545
2.4276729
1.662401
0.7759269
1.3383156
0.8158001
2.3935332
1.3538029
0.37837297
1.0717173
1.1842355
0.98994815
1.9779516
1.0500709
2.6326876
0.4919929
1.5498385
1.7922281
0.7679817
2.311582
3.7603314
1.0198315
1.067386
1.3532312
2.048114
0.8949161
0.4919929
0.47184256
1.2122774
1.1252719
1.5723913
1.9563453
2.1524277
2.634242
1.6152254
1.310855
1.7072006
1.4005255
1.4413607
0.8340816
0.25123635
1.3895323
2.869632
0.79233265
1.447124
0.338245
0.42587176
0.38606036
1.9146856
1.3300228
0.66984934
1.6197199
1.6259888
2.0216587
0.39907336
1.8962909
1.0112532
2.1092958
2.04472
0.21286298
0.6694198
1.1315587
0.3361693
1.0505308
1.4407883
1.8482008
3.3461592
1.7529471
0.7030633
3.0281827
0.74851954
1.4292495
3.9730618
2.339036
0.62674963
0.97618866
0.6729595
1.2584021
0.8246465
2.3574376
1.530389
1.2770518
0.39737654
1.5620261
2.2571094
2.8418999
3.4473567
2.383171
1.8897558
2.0583615
1.2675982
1.5740224
1.0512854
0.3741419
1.341831
1.5098383
0.99970716
1.230646
0.8591754
0.7766677
2.223147
1.3595123
1.6929321
0.60454124
2.8703754
3.6498132
0.27967235
0.6261909
1.9941
1.3579968
2.5066724
1.9756643
1.0622759
1.3759965
1.9991412
1.0565411
1.5231347
0.9514831
0.9757222
1.4395846
0.7875617
2.6570866
1.2674022
1.0388393
1.9105396
2.170935
0.74171335
1.6636113
2.0141835
2.1678128
1.8100761
1.0444474
1.4503528
1.9280537
1.6866674
1.059728
1.2601694
1.7494463
1.4363294
1.5674245
1.6852982
1.7203281
0.80446976
2.50128
1.8752575
0.8566307
0.8218437
1.7716008
1.3370862
1.50103
2.6300607
0.8079507
0.97942245
1.3067656
0.8866143
1.2436376
0.49961784
1.289597
1.7712681
1.3103389
0.37914085
1.4057971
0.9264838
0.83487046
1.0669899
1.1392959
1.757627
0.56321824
0.59949374
0.9594352
0.45479012
1.9504812
1.3474581
1.6286579
0.8678877
1.1609935
1.4518168
1.7750682
1.8636541
2.5633714
1.6468849
1.3253981
1.8087376
0.9082559
1.4731121
1.257986
1.6039206
1.5963833
1.1715308
0.8553677
1.4054815
0.2850213
0.8432915
1.0627289
0.3768372
0.8888311
1.626611
0.5349649
3.0304356
1.8818882
1.134766
0.8259047
1.3883377
0.462983
1.5089726
1.3070136
0.3932497
1.5872424
0.61330754
1.5326276
1.0556549
1.073111
1.0427364
0.8372345
1.1882483
0.7222621
0.8034064
0.35180306
0.3219592
1.7787989
2.3214962
1.2937956
1.9572349
1.535894
0.61330754
0.50327843
2.7981884
1.7701459
1.6217706
1.3753862
0.92968893
2.2725582
1.2248945
1.7217603
0.7958575
1.6094496
1.6703941
0.85961705
0.5360672
1.6087595
1.4604273
1.5883546
1.920624
0.73020345
1.8397752
1.3290727
1.3291299
0.61995035
1.8507513
0.37231413
1.6535541
2.1488342
0.8718462
1.5585755
1.3921707
1.6998641
1.0920047
1.694514
2.0123901
1.9981587
1.7431096
1.6647515
1.383015
1.6946962
2.3551989
2.5169673
0.76792026
1.305526
0.6464432
1.1169664
1.5432534
1.684737
1.2938539
0.40627512
1.4502608
0.3624851
0.8767293
1.2409111
1.714795
0.91115004
1.4314725
0.49360374
1.6552835
1.0202888
1.6233832
1.4423523
0.7760059
1.1116406
0.7519088
2.5725574
1.2892143
2.3603396
1.5944022
1.3553511
1.5383899
0.5978927
1.3470546
1.0090443
2.129924
0.3486755
2.6293867
1.4946423
1.4919337
0.724303
2.7304487
1.5902809
0.63341355
2.9276419
2.5267901
1.0564162
1.9437573
1.6570622
1.9716443
0.8003007
0.68569493
1.5020267
3.8199377
1.4277644
1.2957295
0.70067006
0.36780846
0.52072304
0.8932984
1.2848055
1.6761801
1.4032149
1.8826482
0.615788
0.60340714
0.45323214
1.5602138
0.5626627
1.2119349
2.4644763
0.81813365
0.9559243
2.6317348
1.6080977
0.2618326
2.1349797
1.2984827
1.4891697
1.1156205
1.9257553
1.4162898
1.4578807
2.7400663
0.66265106
1.2153116
1.8559659
2.0220835
1.0522968
1.3965837
1.4316028
1.0620228
1.1661686
1.1275605
1.1791599
3.5852325
1.6050496
2.0967505
0.5110382
1.0898682
2.0638168
1.04673
0.6945176
0.8554199
1.1304423
1.4770448
2.0447319
0.5014632
1.160132
1.4225032
0.6583021
0.5447131
1.4990835
0.80016583
1.2304912
1.4372966
2.1151257
0.9651528
2.2136521
1.9998941
0.9312815
1.757043
2.5980935
1.6692768
1.9281716
3.8565404
1.3183125
1.2598338
1.4876144
1.0964725
0.917029
0.3356272
1.4336016
1.8987732
1.6622436
1.1358632
0.95610356
1.2127935
0.96868455
1.6832284
0.6986137
1.6619757
1.1861808
1.4595287
1.6638353
0.9404923
1.3382336
2.126068
1.5823125
1.7490324
1.5665901
0.40880084
1.7018304
1.575317
1.7851653
1.5067059
1.4612124
1.9247556
1.9580255
1.1235591
3.106716
0.6817734
2.5467353
0.38717332
1.2452183
2.1564362
2.0303032
0.33036363
2.1383798
1.5644785
1.6195173
1.1820525
1.3156183
1.7311231
1.9270309
1.1025524
0.9031127
0.76132774
1.3434012
0.5515808
1.968625
1.265121
1.5156044
0.51154965
0.4919929
1.860133
0.7631036
2.9118342
1.0608871
1.3797963
1.9090549
0.20207226
1.2715765
2.228637
1.1486015
0.233423
0.5073667
3.1048903
1.3803079
1.7410505
1.0456775
2.1041353
1.3992044
1.29673
0.9209481
1.1138514
0.64343375
1.7711017
2.0860004
1.5809313
0.22324954
1.9060585
1.4189968
0.33755878
0.59343475
2.918252
1.491464
1.4794387
1.8590722
2.1933172
0.6523045
0.33205646
0.68259877
1.5185568
1.772127
1.1767694
1.9110112
0.41023314
0.29745814
1.8072755
2.1613314
1.2334161
1.9482749
1.6575602
0.82280487
0.8688819
2.2646694
0.7901667
1.5714743
0.9970183
1.8712287
2.5286524
1.8551399
1.0235238
1.2122419
0.38785163
1.1794056
2.0298414
1.3599255
1.9788988
1.7380444
2.1971323
2.3236542
1.5196247
1.5285312
1.5175928
1.2396407
2.3403554
0.7893805
0.33136845
1.4748434
1.3640323
1.6095172
2.17451
0.7229351
0.95427
1.8554698
1.0752529
1.9521521
1.6954278
1.6974945
1.670408
3.7544432
0.5100591
0.4208364
1.5929488
0.7818322
0.6914038
0.69119227
1.1899228
0.9122364
1.2098316
1.5852176
0.5834217
1.9591453
1.4947151
1.4903376
0.5388556
1.6478007
1.8988866
1.4655554
0.8729209
1.5549778
1.12206
1.6709121
0.5190566
1.0301754
1.6243184
1.0549409
1.3349512
