0.87003714
1.1676323
1.2566378
1.6005036
0.90809774
1.3803401
1.1642687
1.6434131
1.23675
0.4378932
1.9071181
0.8381198
1.4927825
1.340019
0.7328638
3.0023894
2.0274684
1.8237399
1.5126765
0.94204867
1.262152
1.6179549
1.3032954
1.4203029
2.533011
1.1878357
1.5837054
0.34051353
0.9641057
1.2700268
1.3444871
2.4857104
1.1168072
1.427865
2.512144
1.0951574
2.0141108
0.94547635
0.949428
0.8911015
1.5058348
1.6275911
1.6554203
1.0812055
2.3325336
1.597045
1.662307
2.3437114
1.256561
1.5338173
1.6663425
1.7503978
1.7328185
1.7869215
0.9439292
0.41506776
0.879072
1.8878865
0.91566896
0.5566979
0.6893826
1.5687981
1.8222446
0.41088453
0.6448592
2.808066
0.48444724
2.9546485
1.0009708
1.5088723
0.8842594
1.0538961
3.010119
1.4854125
1.4476681
0.7328012
0.53953516
2.3062613
1.0105724
0.34051353
2.0093672
1.5637813
1.526537
1.4224256
2.174711
1.0847083
2.1946502
1.4324397
0.68763864
1.3760788
1.4710164
1.5956929
2.1522183
2.0882654
1.702724
0.77220106
0.746315
2.167762
0.8591602
0.905433
1.1213545
2.8901339
1.9869311
0.9631187
1.1284106
0.55698746
1.5141786
0.72138435
0.6627776
1.1874546
0.6949293
1.4725571
0.9654969
2.2252254
1.8079804
2.0025887
3.1350958
0.93129784
1.4231789
3.018218
1.7517644
1.2358934
0.5743449
2.532875
2.0876358
1.3335165
1.9846398
1.5172794
1.7576492
2.0575304
3.9696493
1.3129358
1.4953856
1.5254815
1.4088068
3.759013
1.5930674
1.530255
1.3189367
1.6465378
0.8256015
0.61122435
1.6691424
2.3107855
1.5085003
1.8238572
0.6602743
0.628089
1.579163
0.72430295
2.1646311
1.4023201
1.4657567
2.0290585
1.2862682
1.2483213
1.8823537
1.04513
2.4881098
1.7659439
0.81374884
1.4076906
0.8206619
2.2982583
1.2663345
0.33249655
1.0243511
0.9788786
1.0028586
1.9612198
1.0841483
2.757238
0.34051353
1.6189919
1.8026875
0.6101477
2.3158913
3.7170954
0.9686651
1.0242534
1.3584064
1.9042234
0.8517814
0.47594008
0.5152648
1.1398178
1.0125153
1.5619421
1.8104523
2.1284585
2.635863
1.5761411
1.2282602
1.6288476
1.4629643
1.3557199
0.87690675
0.26135102
1.3592843
2.6297438
0.79254156
1.5796561
0.36584723
0.6622321
0.42864928
1.8055414
1.2492831
0.6776876
1.6593362
1.7953678
1.9693049
0.4552594
1.6769243
0.88415813
2.2514858
2.213138
0.28090003
0.6819079
1.2293606
0.3808229
0.8754329
1.5202974
1.6477847
3.3321064
1.6076528
0.6008174
3.0002863
0.9366792
1.4886119
3.9322464
2.4589791
0.70388615
1.0105935
0.5742419
1.2651101
0.85620666
2.3767927
1.6235256
1.2197442
0.4224505
1.5572202
2.11853
2.8143804
3.3051052
2.339531
1.7408725
1.7658303
1.1579021
1.5559478
1.0560482
0.47091985
1.354816
1.6055679
1.1234834
1.4256884
0.99531835
0.6470167
2.4442563
1.3063686
1.6667672
0.6559299
2.7439394
3.6812103
0.11755411
0.60766464
2.11917
1.4172355
2.542471
1.8890761
0.95874965
1.4562771
1.98408
1.0527623
1.6037964
1.0940135
1.0751549
1.6405284
0.8663402
2.5543091
1.2374368
1.0921965
1.8540825
2.1495833
0.7536391
1.679876
2.0350707
2.3864882
1.7270429
0.9926784
1.4931947
1.9172548
1.6521345
0.81609666
1.1856755
1.4983699
1.5375757
1.7171974
1.6868689
1.6376171
0.8892936
2.5271912
1.7800817
0.75380194
0.740583
1.7969247
1.2501221
1.6789125
2.5761533
0.63912326
0.9914065
1.3918774
0.7814983
1.2504058
0.5982197
1.155308
1.6241485
1.2309579
0.38737485
1.3557539
1.0071465
0.79024374
1.1422553
1.175712
1.8393661
0.5585509
0.5666194
0.98209804
0.6328252
2.0093365
1.331247
1.4303356
0.9258562
1.2144046
1.6497431
1.7739892
1.8136653
2.5938823
1.7455298
1.4341546
2.005231
0.9493142
1.435269
1.2781231
1.4590161
1.5393493
1.2933705
0.80924445
1.3471769
0.38403815
0.7566564
1.336998
0.412429
0.8031914
1.8239993
0.5815819
3.1705577
1.8620338
1.2307366
0.8953377
1.3600566
0.4368644
1.4251039
1.2904706
0.36034507
1.5268586
0.5743449
1.5826179
1.095985
0.88996804
1.1252719
0.9012378
1.2011788
0.9442235
0.72958344
0.37994972
0.31395242
1.9708358
2.07927
1.2528665
1.8489114
1.533628
0.6557385
0.58003294
2.9145916
1.9513962
1.383303
1.4558235
1.0237592
2.1996837
1.219365
1.7692511
0.61821926
1.5366608
1.6217592
0.8633851
0.50261885
1.5732118
1.4987985
1.415555
1.9349289
0.89217997
1.8965492
1.3286941
1.2853905
0.6839664
1.8124992
0.3699367
1.7592075
2.1771324
1.0549963
1.6329613
1.3851372
1.7270789
0.9900195
1.8699433
1.9836571
2.0336702
1.7666789
1.5687718
1.4222842
1.5667447
2.297546
2.4329376
0.71792054
1.2679802
0.62883025
1.1128873
1.6707689
1.6711569
1.2204387
0.43868423
1.3593159
0.41088453
1.0006886
1.1343151
1.7155849
0.84916747
1.4247987
0.57888293
1.6646968
0.97162765
1.7679971
1.5267977
0.6414277
1.2807839
0.5913144
2.6056666
1.2594795
2.212584
1.3802392
1.3092234
1.5473684
0.54233056
1.2724589
1.0232648
2.1782296
0.44660255
2.609711
1.5805676
1.4941666
0.6311942
2.7536066
1.4480112
0.59286016
2.894847
2.5390353
1.0988314
1.9618682
1.6671292
1.8097087
0.7122971
0.6683079
1.3149849
3.7729425
1.4536579
1.4573323
0.61987156
0.3640232
0.56169945
0.8433421
1.267552
1.72947
1.1816928
1.6644434
0.559765
0.6430438
0.4102242
1.666156
0.4541877
1.1012157
2.489711
0.80636805
1.1351138
2.563218
1.5691297
0.1874884
2.102153
1.1036478
1.405815
1.0415189
2.0169096
1.4748346
1.3261218
2.7614884
0.60856074
1.1958319
1.9635625
1.952046
1.09678
1.1900989
1.452843
1.2313803
0.98994875
1.0495669
1.1375681
3.676687
1.5745512
1.8941125
0.7200809
1.0997468
1.9296619
1.0502808
0.7173397
0.8938808
1.2284976
1.4266951
2.0122607
0.42857054
1.0209198
1.4946653
0.74916184
0.6275597
1.376979
0.79405177
1.4474051
1.5809817
2.0960424
0.9824622
2.2690485
2.0724404
1.01425
1.5479255
2.5275092
1.507715
1.8124279
3.8289068
1.2620144
1.2883612
1.5938053
1.1082184
0.8163205
0.4224929
1.5704474
1.8008873
1.6311985
1.1790806
1.0540334
1.3892671
0.9653247
1.6959236
0.51540685
1.6507468
1.2104622
1.6295152
1.7607155
0.9495178
1.5143921
2.149303
1.7234491
1.7278062
1.4434885
0.5626385
1.6411332
1.4453441
1.7157916
1.5503167
1.3946781
2.0448961
1.9311476
1.1232257
3.2772977
0.6354769
2.5624042
0.5026843
1.0585004
1.8969154
2.0112236
0.37994972
2.0508728
1.4144294
1.5505071
1.2525352
1.3822317
1.7078161
1.9644719
1.2696441
0.7934062
0.8620853
1.2665024
0.64635247
1.8018812
1.3991964
1.4797746
0.65553665
0.42907876
1.704671
0.81336516
2.8995023
1.0856181
1.3296828
2.1307454
0.29859123
1.422708
2.2310631
1.0762652
0.36980382
0.34601498
3.0465941
1.3835269
1.6707734
0.93645847
2.1076794
1.5892942
1.1241437
0.8837098
1.3110082
0.62490743
1.9134846
2.0865605
1.6481744
0.31101233
1.7925016
1.4015809
0.45024204
0.57034826
3.0217059
1.505457
1.36812
1.8003107
2.2138436
0.6952909
0.37848225
0.6104452
1.5693357
1.8164023
1.1895927
2.0233774
0.34051353
0.2462378
1.7578089
2.0492089
1.273601
1.8582585
1.6997356
0.8629332
0.91763866
2.2605274
0.7322347
1.4377298
0.9864137
1.7882969
2.463606
2.051583
1.1876081
1.0088443
0.31288436
1.1935147
1.9418489
1.323665
1.8014828
1.7634673
2.0397646
2.340351
1.4662325
1.5298349
1.7214473
1.2545246
2.2879121
0.8459986
0.38403815
1.6222247
1.2087258
1.5903727
2.283677
0.6524618
0.9617342
1.9036652
1.0479596
1.9964694
1.6271099
1.669416
1.5476564
3.714359
0.44698775
0.3908173
1.473316
0.8614889
0.7836518
0.76050365
1.1604338
0.83192337
1.141039
1.5361038
0.64876133
1.7883708
1.5729824
1.5842038
0.6146025
1.7264526
1.8204908
1.4736027
0.93937135
1.4711227
0.9867944
1.6688696
0.49571615
1.1786826
1.6179185
1.0930139
1.3232449
