0.89952135
1.1463034
1.1708174
1.6800203
0.8821474
1.4000537
1.0617961
1.7007078
1.3401077
0.4576898
1.8890692
0.8526498
1.4999372
1.3978328
0.7167305
2.792483
2.1310353
1.789674
1.4693371
1.003169
1.3898077
1.6107585
1.3289963
1.4049792
2.4147131
1.1458012
1.6810415
0.38085416
0.83308285
1.201449
1.4416904
2.5088384
1.1146507
1.3778945
2.5324793
1.0495286
1.9996756
0.82575095
0.82959545
0.8812767
1.5908797
1.614196
1.6530145
1.0137724
2.4043486
1.4555236
1.631059
2.474796
1.2708433
1.6284292
1.6930032
1.713751
1.9004833
1.7558813
0.9334778
0.47463408
0.8557303
1.849693
0.9102601
0.5050356
0.7260225
1.5993233
1.929064
0.4168865
0.7994252
2.7063892
0.54512036
2.9896717
1.0401522
1.5716211
0.91066504
1.0305172
2.976041
1.4693955
1.4338204
0.63125014
0.6056262
2.2492244
1.0260818
0.36700565
2.0826292
1.491098
1.5906997
1.3697791
2.11463
1.0634387
2.153362
1.3192854
0.69176584
1.5493929
1.2189778
1.681031
2.177612
2.0824945
1.8197875
0.77020466
0.48725742
2.1019688
0.8723815
1.0216542
1.1695335
2.921577
1.8665884
0.94955575
1.0396602
0.51886404
1.4304549
0.7326433
0.8166579
1.0437802
0.7217973
1.4476748
0.8708544
2.196646
1.6704471
1.9222062
3.1931765
0.8544273
1.2875533
3.0145266
1.731459
1.1079824
0.61943024
2.6865425
2.2146318
1.3725444
1.9231783
1.4107996
1.836425
2.1591113
3.9697602
1.3726372
1.5085607
1.5201169
1.2591311
3.722256
1.5114303
1.500175
1.3309169
1.7027235
0.8573621
0.529937
1.6514932
2.2688015
1.4450357
1.8557736
0.6259716
0.50445306
1.6035212
0.69404906
2.0132034
1.4140646
1.5679625
2.0512881
1.216138
1.4006479
1.7205421
1.1679894
2.3448446
1.6927164
0.77739197
1.2735243
0.815588
2.367888
1.2030776
0.23156714
1.0220284
1.1919506
0.96205765
1.9351046
1.1133984
2.773758
0.35932922
1.5903035
1.7754827
0.7425999
2.258789
3.6466746
0.9234099
1.0305172
1.2296206
2.000613
0.8111307
0.4211064
0.51843715
1.1104034
1.0603524
1.6257039
2.0281167
2.193176
2.6487875
1.7301123
1.2642819
1.6163927
1.5549238
1.3672938
0.94808286
0.27148756
1.4236848
2.6536322
0.7868862
1.5045521
0.18608077
0.69857657
0.6228307
1.8241177
1.315648
0.64570427
1.6167176
1.8584054
1.9059237
0.4474671
1.7210371
0.9299641
2.2372987
2.1316307
0.27191132
0.64234626
1.250808
0.4788318
0.9163431
1.550073
1.6701354
3.3191175
1.4922453
0.6840562
3.0886843
0.8366846
1.4033929
4.020327
2.52021
0.7061013
1.1369225
0.6938399
1.2492328
0.92841744
2.37621
1.5409398
1.2099127
0.3762774
1.5188986
2.0856395
2.7741358
3.3899724
2.295039
1.7965286
1.8244948
1.2213262
1.6468477
0.9557938
0.5301481
1.1223897
1.6761625
0.9661689
1.4383467
0.8888144
0.67586166
2.3516302
1.4718772
1.6513516
0.6710495
2.8557673
3.5840583
0.15749817
0.60279065
2.1985831
1.3369908
2.484326
1.8847227
1.1244578
1.4481038
1.9851441
1.0916326
1.6004037
1.0502337
1.0680889
1.621094
0.86692816
2.6394863
1.2992709
1.0387902
1.9617035
2.245583
0.8103256
1.6399375
2.0031033
2.3861845
1.6588348
1.0691758
1.5617265
1.804632
1.5522796
0.8293001
1.2675296
1.6188585
1.5944002
1.6630173
1.7423551
1.7605517
0.77830565
2.3693824
1.6777711
0.7861334
0.78852093
1.7860197
1.2219983
1.619199
2.593393
0.6133357
1.0012375
1.3021013
0.76549613
1.3717976
0.48350224
1.2214649
1.5885841
1.2697754
0.35932922
1.3222603
0.97122616
0.7508539
1.1626707
1.077288
1.8625876
0.6122132
0.6529561
1.1148791
0.55414915
2.0976398
1.403558
1.5652624
0.9353421
1.1879438
1.567365
1.7235785
1.7715633
2.5793378
1.6279013
1.5297893
2.0131137
0.9824861
1.3668563
1.3276801
1.5358156
1.5166545
1.1352035
0.86678314
1.4953401
0.36118588
0.7216461
1.3233497
0.36910525
0.6860024
1.7980162
0.4224171
3.1672611
1.7967299
1.2431954
0.8008013
1.2426244
0.4715218
1.5836458
1.2977451
0.40595624
1.5152923
0.61943024
1.5710052
1.1139857
0.8740534
1.1080407
0.8102754
1.2364248
0.90221494
0.79524505
0.39446583
0.24164252
1.9807308
2.1304178
1.305684
1.9301002
1.4860616
0.7039487
0.44738165
2.8181624
1.9653592
1.465189
1.5077515
0.99370754
2.2472637
1.1237758
1.6988804
0.5757896
1.560082
1.5928704
0.76775134
0.5643694
1.5754062
1.446932
1.4954047
1.8744216
0.743009
1.86901
1.3767157
1.4671047
0.5199485
1.78492
0.40771833
1.4976864
2.277108
0.955391
1.6281738
1.2699853
1.6608096
0.9362516
1.8202901
1.9708301
1.9871507
1.7527926
1.6059381
1.416882
1.6431285
2.2958512
2.311665
0.74069226
1.284873
0.633297
1.161181
1.5887588
1.7880119
1.3598626
0.44615948
1.2977592
0.36118588
0.9336472
1.2198026
1.8138618
0.8803663
1.4721532
0.57219046
1.5629537
1.0689058
1.7466502
1.6665375
0.7250228
1.385527
0.57966894
2.540583
1.3267174
2.296072
1.3527417
1.3306472
1.5213157
0.51375324
1.34177
1.0269184
2.2362814
0.41831428
2.6705797
1.3469307
1.4865165
0.72038543
2.7275507
1.5935216
0.70039994
2.975806
2.5582807
1.1572003
2.0348296
1.6557701
2.0433228
0.74547607
0.50709283
1.4680061
3.7348647
1.2650175
1.3140785
0.7380792
0.35932922
0.584732
0.9221565
1.2693025
1.7304728
1.2628331
1.6978657
0.49227288
0.50419414
0.33617353
1.6576729
0.48178715
1.2369398
2.4244392
0.92805713
0.9947176
2.5099409
1.6026025
0.31385112
2.1262522
1.0656418
1.3952844
1.167489
1.8645785
1.5534213
1.3050303
2.870375
0.633297
1.163734
1.8694171
2.0406446
1.236511
1.3079784
1.4377487
0.98014504
1.0197799
1.0181363
1.1734809
3.5251386
1.5977662
1.9882275
0.5906919
1.0991782
1.8322057
1.0211463
0.68192446
0.8830474
1.1800928
1.4232383
1.9512632
0.3794656
1.3627605
1.3569664
0.5997517
0.41187114
1.5221728
0.8920846
1.4693916
1.5757439
2.1782103
0.9443688
2.1369834
2.065647
0.94262207
1.6791378
2.5903306
1.5091469
1.9206332
3.8992805
1.203837
1.1997515
1.5980496
1.0759184
0.7119873
0.35176346
1.5736538
1.8772908
1.6517481
1.2655784
1.1371783
1.2569246
1.0720872
1.7212721
0.5413913
1.6771537
1.2762678
1.6011508
1.7502351
0.98245764
1.3537546
2.0930965
1.633042
1.7010278
1.4151303
0.5761696
1.650747
1.5337257
1.8067778
1.5601913
1.5091596
1.8943679
1.9314705
1.0496057
3.2649136
0.62035346
2.5995815
0.5488908
1.0860776
1.9305679
1.981901
0.39446583
1.9784131
1.5290616
1.6369299
1.1665
1.3913401
1.7792385
1.9190594
1.3107381
0.9209232
0.8193475
1.4172918
0.5284943
1.8310157
1.3246508
1.3735572
0.7291712
0.36700565
1.7169031
0.86427635
2.8860033
1.1357111
1.4465879
1.9581876
0.27421328
1.3626279
2.2432992
1.1264212
0.26024568
0.4513979
3.072334
1.453405
1.6871996
1.0098078
2.0384715
1.3732716
1.1243078
0.8723106
1.2340707
0.70127493
1.8378931
1.9941952
1.6749647
0.20967862
1.8365866
1.4059274
0.29330638
0.6183711
3.0812538
1.4809469
1.4588152
1.830246
2.2382398
0.65565425
0.3942493
0.6264343
1.482984
1.9405895
1.2876396
2.0926695
0.403038
0.3953402
1.7687228
2.0114014
1.2076492
1.8317668
1.6674359
0.93605155
0.9440277
2.312322
0.79897594
1.3244498
0.93560517
1.7890091
2.4576905
2.073258
1.1883239
1.1881859
0.32249758
1.101223
2.0096743
1.3831213
1.9081068
1.8002931
2.060142
2.4043856
1.7873235
1.7610797
1.5865543
1.2489287
2.14708
0.9571481
0.36118588
1.4734282
1.2213932
1.5014812
2.1863775
0.6631063
0.9423474
1.8708973
1.0661175
2.1173575
1.6189204
1.8325186
1.7130486
3.5647805
0.47582164
0.4248462
1.391994
0.8460814
0.72755945
0.73538923
1.1708093
0.8361783
1.2210003
1.5355852
0.75172246
1.8358879
1.6164995
1.5053335
0.6059058
1.6332155
1.9215031
1.5574192
0.91457784
1.5505688
0.97759014
1.713784
0.5474824
0.957044
1.5876255
1.1338149
1.2511398
