0.818427
1.0992005
1.3588678
1.4699004
0.8899491
1.455226
1.0811893
1.6723225
1.2912402
0.3995947
1.9532344
0.85340476
1.4771891
1.4143968
0.7762213
3.057439
2.04812
1.7199137
1.4608184
0.859295
1.2672274
1.5550572
1.3354572
1.3656987
2.5434012
1.076667
1.7718109
0.3523321
0.8694377
1.2361007
1.3088244
2.5960884
1.0244448
1.4719259
2.6193423
1.1155854
2.0735745
1.0286068
0.8117148
0.841164
1.3889424
1.5482274
1.5957601
1.0155898
2.4877565
1.5301052
1.5064148
2.350307
1.162176
1.5002278
1.7238177
1.8597685
1.6764169
1.7390258
1.064316
0.41536233
0.8695678
1.813116
0.90850765
0.5922033
0.7232426
1.5375772
1.7934905
0.35479847
0.7791233
2.775749
0.51534045
3.1299748
1.0220327
1.62639
0.960342
0.8469449
2.9735277
1.6199965
1.4262617
0.7991449
0.6317322
2.2835672
1.0306655
0.3510113
2.155784
1.4529023
1.4678893
1.3908714
2.160638
1.1050012
2.1323195
1.2923889
0.7463736
1.4030341
1.3556795
1.6080493
2.183753
2.1515946
1.7201195
0.72241217
0.5918505
2.1510844
0.9149783
1.0457475
1.078141
2.918623
1.9596235
0.92081785
1.0382518
0.5183501
1.4471762
0.7495656
0.8254414
0.99486595
0.66064817
1.5978252
0.882343
2.1919508
1.8185824
1.9985538
3.1494913
0.9110025
1.4131103
3.0220387
1.7100221
1.0998538
0.6405202
2.6348863
2.0738897
1.4023623
1.7786726
1.4486926
1.711008
2.0991344
3.880306
1.2310987
1.5631037
1.5123615
1.2093792
3.640748
1.480462
1.3760178
1.3980128
1.7306758
0.8231816
0.5998569
1.6422763
2.0819986
1.4413779
1.8270248
0.6687164
0.5299318
1.5285519
0.7356646
1.9983981
1.2600517
1.5754398
1.9682075
1.3454068
1.2982295
1.7067251
1.1477888
2.4163384
1.6715841
0.7537506
1.2695305
0.73757774
2.3358498
1.2232968
0.24885146
1.105457
1.1334919
1.088238
1.9339982
1.09023
2.7644658
0.3510113
1.5988154
1.7630212
0.6266317
2.2763042
3.726785
1.0189776
0.9450662
1.3340783
2.0376174
0.8795024
0.4639373
0.4881675
1.2844154
1.0954834
1.5487964
1.9185841
2.2088716
2.6994328
1.7817965
1.2379093
1.5817893
1.5101514
1.377774
0.8930543
0.24716458
1.3259139
2.7383661
0.8248436
1.4535651
0.22250564
0.6569001
0.5732943
1.7328916
1.2772094
0.5689024
1.6541624
1.8211246
1.9436315
0.53891915
1.7702148
0.91855425
2.3021173
2.1931756
0.19269171
0.7286056
1.2455298
0.42406514
0.9508345
1.5690942
1.6481385
3.2769566
1.5310194
0.6643521
3.0313027
0.90315026
1.4311928
3.9633944
2.4823067
0.61100036
1.0017257
0.7133379
1.2314556
0.8212038
2.300831
1.5543721
1.3076564
0.45308837
1.6197525
2.0881577
2.7994301
3.4303603
2.2377002
1.7099277
1.8019578
1.277302
1.5969619
1.0804197
0.4631625
1.2501029
1.5893676
1.0234761
1.4127449
0.93973696
0.64951104
2.4155025
1.3024662
1.7159001
0.66831815
2.797451
3.6013925
0.13975962
0.62304884
2.2053282
1.4823165
2.4839187
1.877788
1.1316414
1.3127959
1.9787405
1.1331531
1.6183019
0.93206006
1.0489092
1.5929433
0.91287297
2.5741227
1.3419783
1.0251927
1.8410554
2.107445
0.76491517
1.616883
1.9858037
2.4488242
1.6384833
1.0333267
1.482674
1.8347363
1.6152685
0.82569104
1.225767
1.6529431
1.6046997
1.6651065
1.6895792
1.6269994
0.786706
2.570966
1.8437983
0.81364393
0.8087823
1.8756764
1.1238511
1.700178
2.6683547
0.643167
1.0074366
1.2622067
0.732586
1.2226322
0.6496578
1.3041892
1.590475
1.3136405
0.4074354
1.3520646
0.9505869
0.846141
1.1566021
1.1739678
1.7924516
0.5809754
0.65450877
0.94618607
0.5133538
1.9230345
1.3528148
1.4281632
0.9592163
1.1770527
1.6798652
1.7991922
1.8264396
2.5555682
1.616734
1.5311779
1.8930115
1.0129412
1.3384523
1.3370016
1.5611218
1.4839276
1.1870276
0.90982085
1.3346862
0.33725604
0.5934309
1.1275481
0.47847024
0.8221446
1.7460985
0.431218
3.110767
1.7688205
1.2451152
0.870096
1.2624651
0.341494
1.4272251
1.3152418
0.3837982
1.5224355
0.6405202
1.4642698
1.0499943
0.97763413
1.042727
0.88924104
1.3000932
0.88601196
0.75985324
0.35479847
0.25051144
1.9677135
2.2388616
1.3117738
1.9558519
1.5031666
0.7241843
0.5339112
2.8189986
1.8262954
1.4885209
1.5035527
0.9814232
2.2840452
1.2325966
1.601595
0.64659476
1.5958316
1.5644764
0.8387631
0.4805512
1.5822134
1.414197
1.4843936
1.8670937
0.7667706
1.7870649
1.2822156
1.359959
0.5330304
1.7612846
0.2939194
1.710081
2.167478
0.8926504
1.6294873
1.3764062
1.7476388
0.99539137
1.7115923
2.0137317
1.9410204
1.7042112
1.6640364
1.4369422
1.7599239
2.3193223
2.2462885
0.8255627
1.3303682
0.58644253
1.0926985
1.6844113
1.623209
1.2348043
0.41989037
1.3517246
0.35479847
0.85280585
1.2116613
1.7354012
0.87358695
1.3466319
0.6392109
1.5050223
1.0594991
1.6488281
1.470627
0.81564397
1.3092153
0.6242026
2.593114
1.3539103
2.3585918
1.4464569
1.1904209
1.6302059
0.59735596
1.1959481
1.103557
2.203744
0.47144994
2.6094577
1.4761704
1.4648201
0.6970276
2.8094034
1.5579301
0.68338925
2.9341068
2.5671947
1.252669
2.0074542
1.613106
1.9158962
0.6483926
0.6955236
1.4582373
3.5953152
1.3352425
1.4750373
0.57128876
0.32976705
0.52755207
0.9101806
1.2618467
1.752422
1.3356624
1.640756
0.55565506
0.54468966
0.36745223
1.6087551
0.6557749
1.2015684
2.458675
0.8998362
1.1098733
2.5942073
1.64874
0.30659744
2.029863
1.1847138
1.5201911
1.0227412
1.9244107
1.4671464
1.4730226
2.8158932
0.5025206
1.1760404
2.012562
2.0557816
1.1476558
1.3132043
1.407723
1.1159364
1.1301898
0.9626222
1.1150901
3.607449
1.6558336
1.952711
0.6754479
1.0806646
1.8892407
0.9753462
0.74058753
0.9360784
1.312837
1.378483
1.9915142
0.46049932
1.3172919
1.443342
0.61782885
0.52068996
1.3975842
0.79275036
1.4813951
1.5180012
2.2954342
1.0128958
2.184167
2.0940416
0.854439
1.6560476
2.5237653
1.5709088
1.8212194
3.864294
1.3360914
1.3256395
1.5602291
1.1186948
0.77551925
0.4074354
1.4349365
1.8366987
1.6592252
1.227337
1.0745702
1.2617693
0.9889198
1.6770887
0.6584309
1.5948234
1.2923614
1.6776245
1.6720605
0.9569931
1.4857335
2.0659363
1.542892
1.8249383
1.4805701
0.5301683
1.729099
1.5347943
1.8079442
1.5292332
1.358091
2.0463495
1.9162141
1.1167209
3.2914684
0.6296767
2.4765644
0.32460836
1.075166
2.0280733
1.9389784
0.35479847
2.080396
1.4037805
1.5469619
1.0983931
1.555996
1.8127761
2.015534
1.3588169
0.9680636
0.9026284
1.2773479
0.5338991
1.6916426
1.2933462
1.4059476
0.7540206
0.40990183
1.6905351
0.8473617
2.9169238
1.1035093
1.2913243
2.1416142
0.28611073
1.2898176
2.217969
1.1451634
0.289906
0.45189336
3.1971588
1.4735018
1.7213893
1.0240735
2.1772242
1.446687
1.1576622
0.960342
1.2318776
0.6993832
1.9061182
2.076723
1.5233064
0.24384625
2.0335982
1.4158725
0.3924332
0.6864627
2.9227602
1.5659165
1.367753
1.7772981
2.2545002
0.663451
0.4936587
0.63286066
1.5428153
1.9147742
1.205869
2.0544057
0.3510113
0.29335114
1.7209303
2.018722
1.2041721
1.8818132
1.6754794
0.92736673
0.95909405
2.251396
0.8704051
1.4993339
0.98700136
1.8573555
2.4078276
1.9952495
1.2176543
1.1505297
0.3266169
1.1685673
2.1531484
1.336584
1.8540528
1.8132155
1.9671384
2.4134135
1.5411105
1.6283544
1.6974648
1.157133
2.1992917
0.7871633
0.33725604
1.5342474
1.2235141
1.5663462
2.2702668
0.69307774
0.8654308
1.8599629
1.0717716
1.9632336
1.6146439
1.7812663
1.6972551
3.5795367
0.59402263
0.34746405
1.4668795
0.84464
0.8900602
0.81535757
1.1269989
0.84537286
1.1172383
1.6618118
0.6718603
1.8980316
1.474801
1.4026587
0.580708
1.8112962
1.9760374
1.4814303
0.91811794
1.4527963
0.93526745
1.652409
0.4908727
1.2473841
1.6564425
1.1832412
1.3262804
