0.858056
1.2286619
1.3029133
1.5032837
0.83188665
1.4725572
1.2021041
1.5928053
1.3187046
0.39693373
1.9721758
0.8419246
1.526459
1.3052027
0.82294005
2.9859395
2.0316885
1.7248101
1.5480354
0.8729746
1.2373208
1.4957614
1.2804585
1.4561
2.4730084
1.0476762
1.721983
0.32917646
0.87893885
1.2400137
1.2569598
2.556519
1.1029425
1.4836477
2.5032587
1.1511391
2.0621972
0.9418535
0.8570201
0.82433945
1.5466164
1.7266637
1.6569397
0.98126435
2.3298473
1.5816878
1.6213865
2.2514107
1.0895509
1.5430259
1.7328551
1.8081037
1.7212639
1.7009491
1.0185753
0.33812225
0.7913175
1.6556954
0.98746765
0.6086398
0.8012361
1.6029027
1.8161521
0.41092327
0.65302926
2.7823982
0.4963504
3.0704725
1.0827279
1.6023269
0.95793605
0.91739863
3.0400388
1.5566963
1.4465243
0.7256112
0.62846583
2.2600477
1.0595316
0.38428295
2.0769308
1.5311031
1.602132
1.4153745
2.1725364
1.0807418
2.172878
1.3325847
0.75892806
1.4420048
1.2882586
1.5787835
2.1715121
2.1315284
1.7365355
0.7660367
0.6591889
2.1150255
0.83388907
0.9833514
1.1311761
2.799671
1.9729166
0.9473854
1.0050231
0.5935658
1.4728754
0.78158396
0.7313833
0.9495956
0.7089661
1.5174727
0.94434613
2.2580256
1.778585
1.9616826
3.2472541
1.0051134
1.3889512
2.9468093
1.6321872
1.1130935
0.59270054
2.6658294
2.0010562
1.2580504
1.9049556
1.4878049
1.8488693
1.9696964
3.887056
1.279954
1.6127379
1.5107578
1.2052523
3.56605
1.4535251
1.4011414
1.3857204
1.6414623
0.7789964
0.5617652
1.6098274
2.1700494
1.5259687
1.755624
0.63406277
0.5695527
1.5736192
0.7660867
1.9844077
1.4206979
1.5879395
1.8667356
1.2479773
1.2557108
1.7109065
1.1248215
2.5066173
1.7409476
0.7518808
1.2679524
0.8248731
2.3893268
1.2028611
0.28966326
1.0317647
1.1255995
1.0068976
2.0052686
1.0816215
2.7627876
0.3651663
1.6230536
1.7740296
0.6671299
2.2557688
3.6868274
1.0206546
0.9438685
1.2991434
1.9618183
0.825498
0.55071443
0.4636048
1.2668189
1.1340158
1.6204606
1.9866478
2.0965974
2.6044135
1.6902012
1.3104386
1.5545788
1.4606273
1.4506847
0.85060865
0.28563958
1.3910023
2.7758384
0.90291697
1.3598976
0.20607628
0.6501184
0.49733394
1.8225119
1.2986526
0.4730864
1.6116012
1.7394627
1.9225127
0.4714649
1.7813697
0.9572856
2.2248576
2.1739197
0.24459766
0.7264437
1.153538
0.44843787
1.0393684
1.512231
1.7052559
3.2510364
1.5816957
0.59760344
3.062155
0.82782954
1.5184128
3.971009
2.4603093
0.6722787
1.0303711
0.70837486
1.2775221
0.89239997
2.3724513
1.5721426
1.283454
0.4073749
1.5500104
2.0485961
2.7440844
3.3498485
2.257099
1.7357835
1.844647
1.2558559
1.5958563
1.1555501
0.3927106
1.1820352
1.6099342
1.0341748
1.3453962
0.9844574
0.71202046
2.4095616
1.2164218
1.7345458
0.5826895
2.7974596
3.5893748
0.13266937
0.6986254
2.053414
1.5517056
2.4659982
1.9087209
1.0271252
1.3627895
2.0637333
1.1376364
1.6454414
1.0172089
1.022096
1.6042905
0.9037675
2.6098936
1.2917014
1.003731
1.81956
2.193609
0.8043959
1.6528785
2.0965703
2.438266
1.7243652
1.1098957
1.4986864
1.8604645
1.68052
0.8162654
1.2101923
1.641453
1.5543656
1.6986132
1.6194825
1.6435035
0.7707372
2.4603002
1.799593
0.6810758
0.85065144
1.8465929
1.1562467
1.6095653
2.6502125
0.6004261
0.98493475
1.3195503
0.8257526
1.2595013
0.5880557
1.1560686
1.5968261
1.2767179
0.38428295
1.4079523
0.9217661
0.7734142
1.1184046
1.142576
1.821686
0.558349
0.60589105
1.0123359
0.51629025
2.0118067
1.3539718
1.4348087
0.9414663
1.2181125
1.6701852
1.8266705
1.8353518
2.6011252
1.6952661
1.4671572
1.8979646
0.9506483
1.3521552
1.3720056
1.588056
1.6082319
1.204518
0.8742974
1.3799382
0.38234478
0.61133605
1.1055644
0.57598263
0.7582208
1.7567154
0.5000441
3.0769932
1.7634776
1.1619481
0.876468
1.2716521
0.4132884
1.5013787
1.2385365
0.41380933
1.4645482
0.59270054
1.3157284
1.0694357
0.9892155
1.139853
0.8327853
1.3081555
0.88166285
0.7901313
0.36145127
0.2240328
1.9071499
2.377993
1.3839753
1.8844997
1.5014528
0.6764179
0.4482578
2.819026
1.8787
1.4268236
1.5028362
1.100181
2.2477098
1.1972743
1.6336421
0.59666836
1.6815386
1.6134295
0.7723493
0.5476218
1.5544096
1.359567
1.4312719
1.9004736
0.7975467
1.8447853
1.4286026
1.315337
0.6255825
1.7811551
0.3342678
1.7941575
2.241787
0.8800709
1.5112575
1.4271165
1.7798508
1.0218223
1.8049816
1.9895349
1.9270198
1.7340455
1.6265503
1.4335885
1.660933
2.3436403
2.2943442
0.84778035
1.3624381
0.62562746
1.1795537
1.5947938
1.5706065
1.2215698
0.40166467
1.4020193
0.41092327
0.85509133
1.2167705
1.860525
0.8182586
1.4660705
0.6016941
1.574235
1.0604703
1.6556721
1.5097499
0.78838795
1.357455
0.5949503
2.5406864
1.3024528
2.3516474
1.4401058
1.3236845
1.5118841
0.6438205
1.2589661
1.0656818
2.2147207
0.38680127
2.6494966
1.3901296
1.5760587
0.737677
2.8104172
1.5586652
0.64192694
2.9193285
2.5727403
1.1609331
2.0102348
1.546844
1.848936
0.682311
0.6586208
1.3476143
3.5834968
1.2848327
1.471654
0.7276001
0.3282227
0.6107879
0.91102386
1.3336505
1.6894273
1.3092718
1.6242009
0.58958167
0.5722604
0.35841063
1.610496
0.5825987
1.1675147
2.4602304
0.7916157
1.1534466
2.6037652
1.5713817
0.26661542
2.0902677
1.1608262
1.4032667
1.1435231
1.9842491
1.4409423
1.4538449
2.86718
0.6455204
1.1324406
2.048593
2.0933397
1.0912055
1.1995821
1.4103156
1.035716
1.0593991
0.95508677
1.1572722
3.6257656
1.7014724
2.0049326
0.67700315
1.0577472
1.9427485
1.0238453
0.7476179
0.93774784
1.187185
1.3891878
2.0395231
0.42352465
1.2619327
1.4514477
0.5198228
0.5285543
1.5272464
0.8513565
1.388794
1.5732355
2.2454655
0.9898297
2.2908278
2.0486479
0.8361303
1.6645398
2.533205
1.5433085
1.8622051
3.842719
1.3102695
1.3411957
1.4951643
1.1040667
0.8765713
0.38428295
1.4303303
1.9361215
1.5737712
1.22652
1.044247
1.2194147
1.0087199
1.6463928
0.5806727
1.6024646
1.2605767
1.5793743
1.7369751
0.92781883
1.4741116
2.1253042
1.5306959
1.776394
1.3853947
0.52354246
1.7289134
1.4978837
1.7729877
1.5131013
1.4326277
2.0833094
1.9234434
1.0293257
3.1649039
0.6058819
2.4959202
0.3233279
1.1112437
1.9410198
1.9348204
0.36145127
2.0922518
1.4467589
1.5717504
1.1691703
1.4033489
1.7249674
2.0071414
1.2676519
1.0180941
0.89196014
1.2726321
0.52904683
1.7557626
1.3456703
1.42441
0.69251186
0.48696592
1.8498442
0.9056934
2.9520745
1.182369
1.3557031
2.081911
0.29007557
1.33279
2.2935438
1.213845
0.33771965
0.45670378
3.0999856
1.4510775
1.7745785
1.0261985
2.1509352
1.4089326
1.1568599
0.9852987
1.2678325
0.62228835
1.884374
2.037732
1.5615757
0.25415727
2.0279586
1.3753257
0.3239165
0.5840472
2.8601115
1.4731421
1.4057113
1.9098104
2.2602644
0.63406277
0.41100937
0.66339856
1.5716114
1.8661029
1.2308416
2.001635
0.35570446
0.31980678
1.625374
2.0339026
1.1718688
1.953476
1.6076976
0.849155
0.9455853
2.3645039
0.9973001
1.5314181
0.83935475
1.8721006
2.4628446
2.045129
1.1233014
1.1386768
0.34646273
1.1530948
2.0766733
1.349685
1.8910743
1.7898028
2.097721
2.4283693
1.4221514
1.5587918
1.5880702
1.2289529
2.2137825
0.7995467
0.38234478
1.4353559
1.128137
1.5724472
2.235343
0.6680742
0.87691236
1.8329383
1.0700039
1.9982753
1.6392454
1.832901
1.7299168
3.7250283
0.56308085
0.3945306
1.4348847
0.85998744
0.8715755
0.6600046
1.1856462
0.94116306
1.1526318
1.5813315
0.6710849
1.9481905
1.4963659
1.4176702
0.5425566
1.667291
1.9023361
1.5301416
0.9184585
1.4751433
0.99509376
1.6345243
0.5382851
1.1502111
1.6618376
1.1424183
1.2740319
