0.8489025
1.1253502
1.2715807
1.6089413
0.8558449
1.4220433
1.0549558
1.6155893
1.407372
0.33938584
1.9800975
0.81002194
1.3894073
1.32911
0.69655734
2.8654447
2.1323645
1.8261036
1.4816297
0.89872724
1.3428584
1.565286
1.3755192
1.4359096
2.4094098
1.1653752
1.6544832
0.47857183
0.6904336
1.2633965
1.2858208
2.4940724
1.1553295
1.4538362
2.545785
1.1669981
2.0136688
0.8985541
0.75996274
0.8372592
1.5178609
1.5673136
1.6308653
0.88982224
2.3818789
1.6338679
1.5340014
2.369998
1.3498441
1.5521497
1.7062862
1.6904912
1.7764795
1.8260809
1.0382646
0.34735137
0.936131
1.8485849
0.89926124
0.5026909
0.71141964
1.5444728
1.8116038
0.40866125
0.6915946
2.6778765
0.42738527
3.0277355
1.0498761
1.5171223
0.9299864
1.0165583
3.0330138
1.3968272
1.4571369
0.71919316
0.5996969
2.3032913
1.13009
0.3868787
2.0228696
1.5484129
1.4529746
1.3859539
2.1003118
0.9940239
2.2200153
1.2172
0.8051277
1.4991186
1.2853019
1.5468693
2.1951735
2.115347
1.6334333
0.8461056
0.6833936
2.1345959
0.88961434
0.9429385
1.0443251
2.8838496
1.8740215
0.77166176
1.0998548
0.57442343
1.5084797
0.8232496
0.8074931
1.0753802
0.650473
1.4670087
0.8869522
2.183663
1.7397888
2.074094
3.2007852
0.9706301
1.3215836
2.980553
1.7708094
1.1365464
0.58969086
2.5707757
2.1714072
1.2824401
1.7224622
1.4470987
1.7938625
1.9675102
3.9596095
1.3122461
1.607009
1.5370462
1.252773
3.6369889
1.5733846
1.5286422
1.3586466
1.6965106
0.7962125
0.5425042
1.6364492
2.241475
1.5156934
1.7645068
0.6060663
0.49660045
1.5254542
0.6904676
2.1279514
1.3190018
1.5121593
1.9611702
1.3055696
1.3388605
1.7613873
1.0843315
2.4023232
1.7044995
0.76828146
1.3454869
0.87316465
2.3145766
1.292251
0.35829437
1.0102818
1.1051388
0.8650481
1.9635706
1.0542761
2.780533
0.35700843
1.6720444
1.7425553
0.71460474
2.2826862
3.7504082
1.038398
1.0165583
1.42088
1.935624
0.90359634
0.34621024
0.5412392
1.181249
1.1687057
1.5197912
1.9701351
2.1665323
2.6901183
1.728754
1.103727
1.5986267
1.4641885
1.3801154
0.8876644
0.23809461
1.2773347
2.6996908
0.80111
1.413745
0.31798193
0.7091505
0.4357014
1.8032352
1.3423648
0.648923
1.613086
1.7703074
1.8577375
0.48651472
1.659227
0.8931203
2.318015
2.1585398
0.28014255
0.6802375
1.2120937
0.49636257
0.96781033
1.5235304
1.5211444
3.3276343
1.6411707
0.6444365
3.06784
0.91410875
1.4434282
4.0434957
2.4253163
0.710109
1.1031376
0.7796786
1.3010921
0.965572
2.413067
1.5465293
1.2792711
0.39738527
1.6056316
2.0818343
2.877312
3.3829074
2.2219634
1.7303163
1.7971845
1.1889743
1.5213121
1.0144378
0.63435984
1.4069693
1.6609105
1.034219
1.5440829
0.9467222
0.6789318
2.365564
1.37664
1.6783602
0.7775324
2.7415397
3.53465
0.18970166
0.61988163
2.1272767
1.526362
2.4973896
1.9807867
1.1206702
1.3784344
1.9276458
1.190695
1.6628913
0.884633
1.0562528
1.5651981
0.8195875
2.5985973
1.2471536
1.1584035
1.9918021
2.1713436
0.8194998
1.711925
2.077815
2.3317409
1.6857158
1.0578481
1.495845
1.7374707
1.6175404
0.80253077
1.234041
1.5993592
1.417127
1.6398928
1.6269449
1.7747712
0.88745457
2.3750098
1.7851808
0.84231234
0.77008456
1.8575102
1.2508868
1.6786815
2.5579612
0.5871934
1.0033789
1.3795542
0.8594529
1.1802211
0.68613267
1.1298652
1.6179262
1.2909273
0.42999956
1.3604913
0.9316607
0.7784875
1.3790182
1.034248
1.7904894
0.53629327
0.64620256
1.0416903
0.61195946
2.0031536
1.467067
1.4408711
0.98306257
1.1708825
1.6574402
1.7084891
1.6818355
2.5982733
1.681134
1.4739131
1.9576831
1.0196522
1.3346668
1.3746302
1.5122439
1.6136031
1.2055562
0.87580234
1.2824147
0.3655404
0.7348388
1.0757185
0.41901508
0.763669
1.8618188
0.4545194
3.1312017
1.8093412
1.1836545
0.8449555
1.3143811
0.4917468
1.516065
1.3272266
0.32827103
1.533322
0.58969086
1.5865021
1.0432558
0.8536934
1.1231688
0.8849874
1.2488428
0.7895653
0.72829443
0.4009421
0.33054063
1.9645526
2.1891813
1.3584975
1.8598173
1.519377
0.6743565
0.43814757
2.8167875
1.8743508
1.3810222
1.423013
1.0809399
2.1795743
1.1556344
1.6054006
0.57583666
1.5255586
1.5950878
0.76839614
0.57268125
1.5353469
1.7095338
1.494106
1.8437419
0.9083227
1.8857125
1.3622898
1.4258358
0.5541507
1.6930716
0.38396066
1.5846047
2.2120683
0.9526601
1.4530355
1.2976449
1.8649511
1.0140136
1.7150259
2.0564063
1.9974835
1.7238977
1.6081126
1.4316924
1.5648037
2.2635758
2.4803395
0.82905334
1.2504358
0.56223184
1.182203
1.7513618
1.7770246
1.1685336
0.43518
1.4506562
0.40866125
0.8372142
1.1858573
1.8216506
0.9625641
1.4158256
0.63025916
1.4868628
1.0725023
1.7202873
1.5564394
0.6786256
1.2782327
0.6361554
2.5233467
1.2590078
2.2548196
1.5155791
1.2557586
1.4772621
0.65972465
1.3318524
1.131943
2.1684287
0.4554758
2.6166701
1.3788803
1.5487881
0.71472204
2.7938294
1.515012
0.6477044
2.9634519
2.5634105
1.1375036
1.8959048
1.6346123
2.003847
0.64000195
0.5950592
1.5690546
3.699157
1.3305327
1.4286361
0.6670475
0.32180035
0.49380353
1.0126514
1.222136
1.7143787
1.1401204
1.6597066
0.5452051
0.53282315
0.32750598
1.7391651
0.5206006
1.1623107
2.4050436
0.8597184
1.1493088
2.5937624
1.6696416
0.17066461
2.120182
1.0155574
1.4926378
1.1301821
1.9268866
1.5249449
1.4310296
2.7541158
0.47993374
1.2153128
1.891357
2.1531913
1.1850375
1.2466474
1.4263008
1.0933278
1.0176003
1.008775
1.1651955
3.544065
1.6360209
1.9357305
0.7165989
1.1108296
1.9210278
0.9955277
0.7116892
0.9115731
1.2063434
1.3458604
1.9092109
0.44179648
1.2798
1.4068885
0.5392895
0.54722273
1.448422
0.876269
1.4784564
1.4920138
2.09124
0.98061484
2.2800252
1.8687162
0.9308338
1.5637748
2.5697377
1.5872278
1.7606496
3.8715048
1.2795967
1.2672069
1.5912377
1.1487849
0.7145894
0.38079914
1.461565
1.9095747
1.6476657
1.1748224
1.120023
1.2841328
1.0440913
1.7460225
0.52583027
1.7110912
1.2391669
1.5374844
1.6390213
0.9928761
1.3280908
2.2212834
1.5456213
1.7144916
1.4380497
0.49616176
1.640831
1.5289052
1.7518889
1.54248
1.403516
1.9698049
1.8577824
1.1326172
3.276133
0.6380256
2.569246
0.4876883
1.0530167
1.8766437
2.076713
0.4596751
2.0710323
1.6009293
1.5916237
1.1349206
1.3914059
1.6322238
1.9930747
1.519425
0.8959197
0.89068866
1.2581108
0.5684085
1.8711976
1.3495804
1.4516906
0.62533957
0.38192517
1.6778355
0.85430336
2.8495133
1.102489
1.3783692
2.0599942
0.25888848
1.349262
2.240686
1.1250648
0.19121648
0.5185528
3.0536683
1.4910086
1.7596908
1.0673811
2.131234
1.4068987
1.1887693
0.90011615
1.1917152
0.7209108
1.9896052
2.0188782
1.738474
0.23809461
1.7461162
1.4183873
0.3074517
0.51618934
3.011361
1.4661455
1.4017535
1.8414464
2.115844
0.76815885
0.32846254
0.6858323
1.5693768
1.9494753
1.2146941
2.1079473
0.35700843
0.29417983
1.6349711
2.0184777
1.2259091
1.9253819
1.7734203
0.9098501
0.9061446
2.1936243
0.70908326
1.4186772
0.82142794
1.8378242
2.5582669
1.985848
1.2320617
1.165673
0.28218406
1.0635397
1.9471338
1.3297608
1.7749887
1.8249347
2.0853925
2.4331973
1.6332946
1.6094224
1.5447836
1.3512608
2.1760094
0.9257211
0.39541066
1.5288965
1.0643381
1.6223924
2.2954855
0.65523773
0.9942023
1.8384575
1.1055739
2.1379411
1.6122638
1.7247887
1.6789534
3.6370246
0.5047041
0.4379446
1.4687868
0.83496135
0.7115087
0.7853916
1.0934072
0.9064185
1.1306498
1.5293305
0.6296391
1.8414744
1.5873246
1.5758514
0.72007227
1.6881906
1.927785
1.5819421
0.931088
1.408071
1.0454434
1.6286924
0.4773057
1.1576972
1.6477566
1.1021004
1.2983674
