0.8306138
1.1577038
1.190186
1.5747851
0.8571084
1.3435047
1.1661726
1.6773329
1.2466981
0.45045352
1.9339166
0.9440861
1.5111421
1.3187236
0.7086713
2.8695073
2.111229
1.7910428
1.388088
0.9251388
1.1837921
1.5893435
1.3548917
1.434322
2.5005786
1.1457108
1.7103332
0.36232603
0.90467364
1.2362765
1.3777664
2.5725057
1.1495985
1.5310016
2.4913814
1.060691
2.0830219
0.8369407
0.844581
0.8891116
1.5336246
1.5820856
1.64167
1.0228794
2.329431
1.5425888
1.5177414
2.3709805
1.2473129
1.6212057
1.69083
1.6976085
1.7658811
1.8455268
1.0318727
0.401808
0.84557086
1.7624353
0.938309
0.5036328
0.757941
1.565518
1.8936777
0.4180001
0.8143583
2.6864047
0.5263012
2.9740038
1.0821512
1.5192329
1.0038046
1.0311373
2.9700687
1.4933605
1.3439071
0.631547
0.5691747
2.26896
1.1160305
0.31877244
2.0517142
1.6083267
1.5466499
1.3188256
2.1623948
1.1045653
2.1259735
1.449715
0.7596732
1.4810183
1.3118389
1.6429787
2.2554717
2.1063828
1.7177991
0.70638514
0.49946016
2.077972
0.80223113
1.0876937
1.2094525
2.9348822
1.8860805
0.9343709
1.0344158
0.5873949
1.4821497
0.7883467
0.7831089
0.9234274
0.70203936
1.4891323
0.9159802
2.1591938
1.7361416
2.0006876
3.2154937
0.96348214
1.4046946
2.9370122
1.6099927
1.1293706
0.6635478
2.6503747
2.1984193
1.3694228
1.8772964
1.4690719
1.764743
1.9831804
3.9868102
1.3490053
1.4972725
1.5911615
1.1439767
3.694302
1.5090512
1.519929
1.3986003
1.6934899
0.84868175
0.56042725
1.5975629
2.1583695
1.4691745
1.9043841
0.60765046
0.47759894
1.6744286
0.73632014
2.0667822
1.325342
1.673538
2.0792744
1.2237388
1.2465283
1.7819128
1.1462946
2.3252723
1.7274328
0.79813135
1.3131629
0.7927741
2.2607503
1.2151535
0.2820776
1.0559906
1.1557472
0.9836649
2.0040932
1.1925797
2.8067875
0.4050963
1.6773913
1.7362673
0.6265519
2.3288243
3.6669428
1.0127226
1.0311373
1.3588309
2.0016375
0.811401
0.41230488
0.52476776
1.1848763
1.0045362
1.5794312
2.000386
2.1282856
2.6639256
1.7423702
1.2616897
1.5687928
1.4866915
1.3858122
0.9684853
0.24109074
1.4089153
2.7626393
0.8606334
1.4989021
0.23103982
0.6739292
0.607659
1.7951818
1.3127623
0.6370444
1.5312724
1.8501661
2.0387454
0.46925324
1.8105811
0.9707249
2.2390556
2.03463
0.27215847
0.62928027
1.2026898
0.435247
0.94244885
1.5657837
1.7862067
3.3108556
1.5765584
0.6736806
2.9835334
0.84402007
1.4396737
3.9684122
2.4511077
0.6885658
1.1234457
0.689424
1.3574941
0.81579375
2.3907573
1.5238115
1.1393585
0.42547706
1.6013453
2.0135021
2.7771254
3.3464537
2.192371
1.7649741
1.9422388
1.2047176
1.5027481
1.0256544
0.5257687
1.2925165
1.6749039
1.0501286
1.4066855
0.98872834
0.7228098
2.2851799
1.4301388
1.6889586
0.69016385
2.7185397
3.5671206
0.19453928
0.62354
2.2095363
1.3324463
2.6043656
1.9673519
1.0923557
1.3976355
1.8602219
1.1130446
1.6173494
1.0119984
1.1182212
1.5451818
0.9363588
2.6393743
1.2097791
1.0566318
1.9222445
2.1793342
0.7453652
1.6046512
2.0395706
2.3953748
1.7349707
0.9865755
1.409025
1.7829181
1.6574591
0.6853709
1.2709504
1.6541831
1.498304
1.5584183
1.6594535
1.6891954
0.7636212
2.4145539
1.8484126
0.8054862
0.8414656
1.8916328
1.1549245
1.7088828
2.6705291
0.6816868
0.9350043
1.3477893
0.8052852
1.323974
0.6020128
1.2700794
1.6885749
1.262015
0.36677188
1.3912765
1.0063033
0.72319007
1.1299272
1.0640346
1.8201253
0.578187
0.57082087
1.1556826
0.56827456
1.9250711
1.4354033
1.4763378
0.9000075
1.179307
1.5219117
1.6682881
1.8100702
2.5231123
1.6762925
1.4427689
2.0112302
1.011354
1.3375031
1.3421438
1.4333074
1.483418
1.1772112
0.84461546
1.3824288
0.33601624
0.6811574
1.2809764
0.41628447
0.7991053
1.7823257
0.48844713
3.022584
1.7485411
1.3144556
0.86298895
1.2024524
0.39348304
1.5382663
1.3947858
0.41020888
1.5489078
0.5719456
1.5866038
1.0603646
0.9560014
1.133997
0.83854043
1.1956267
0.8032081
0.7957385
0.31877244
0.2983213
1.9207485
2.1234663
1.2641993
1.9083312
1.4505763
0.6563813
0.442119
2.8056893
1.9136344
1.5334461
1.5017296
1.0040456
2.3677456
1.1463976
1.6098686
0.56797415
1.638196
1.5913415
0.85023296
0.50112504
1.4659232
1.5339739
1.5716016
1.8782411
0.764227
1.8872906
1.4689267
1.392087
0.53715247
1.7286291
0.4333196
1.5866059
2.2924697
1.0014795
1.6692622
1.310217
1.6832007
0.92253256
1.802176
1.8995353
2.0118132
1.8064307
1.59132
1.3697592
1.6696386
2.2355356
2.3465772
0.7510402
1.2899733
0.5611809
1.077205
1.6035006
1.6851071
1.2824743
0.44443846
1.3666685
0.4180001
0.91053367
1.2098887
1.677634
0.8603757
1.3869967
0.5730702
1.459284
1.0291519
1.7400501
1.4955784
0.7173967
1.3325672
0.57186
2.5457153
1.3567902
2.2048078
1.4083107
1.2718172
1.5510232
0.57006687
1.2259775
1.0577246
2.2205718
0.39046744
2.5747976
1.3203392
1.4952278
0.7073626
2.6731236
1.6509817
0.7265177
2.9580197
2.5938003
1.0757961
1.9849609
1.5864991
2.0696945
0.70381564
0.48829806
1.5066082
3.6919394
1.2254158
1.4007998
0.5900973
0.36677188
0.5526723
0.86254364
1.2562008
1.7122841
1.272015
1.664298
0.4970266
0.55861074
0.3521026
1.6895727
0.5524808
1.1572288
2.5176897
0.89913946
1.032175
2.6130838
1.5872148
0.26223025
2.105735
1.0817294
1.448213
1.1134605
1.8733802
1.4525067
1.3241624
2.820019
0.601234
1.1712744
1.892008
2.1096249
1.1343135
1.2825706
1.4482033
1.1408538
1.1599149
1.0166199
1.1637938
3.5176713
1.6759789
1.9332222
0.5756745
1.0971727
1.8949314
1.0355347
0.673172
0.93138534
1.128226
1.3957218
2.0163488
0.4440469
1.222889
1.2834421
0.59849674
0.46505266
1.5045108
0.89416575
1.4136941
1.5554903
2.2516844
0.9879417
2.2195451
2.1127753
0.9852777
1.7438854
2.5481005
1.5716195
2.0083604
3.8244452
1.1912585
1.2318258
1.6458899
1.0800415
0.785092
0.4180001
1.5666908
1.8442711
1.5948501
1.2337385
1.022216
1.2730976
1.0871857
1.6137016
0.6165413
1.6176982
1.3972949
1.4751335
1.782448
0.9157942
1.425667
2.1086655
1.5777099
1.745573
1.3638508
0.52430034
1.6356457
1.4896683
1.8552155
1.6019952
1.4255698
1.992375
1.9102806
1.0885079
3.3343594
0.7410135
2.574887
0.50873744
1.0504134
1.972375
2.013206
0.29937872
2.0051858
1.5464232
1.6300769
1.2412612
1.5132426
1.7430296
1.9303194
1.4043696
0.87570244
0.87119395
1.4396935
0.5239397
1.8029114
1.3026319
1.4585699
0.65615886
0.452824
1.7581195
0.8918158
2.956467
1.0438758
1.323144
1.9541034
0.24963313
1.3172313
2.170393
1.0770195
0.32240295
0.477796
3.133905
1.4500327
1.6386535
0.99726176
2.079653
1.5472732
1.0817962
1.0038046
1.1673144
0.71151125
1.8318071
1.9976281
1.5670258
0.27581054
1.8621126
1.4315368
0.28642187
0.6668482
2.9442353
1.5514873
1.5261956
1.7496486
2.241621
0.6692249
0.31236282
0.6546623
1.4570374
1.8533418
1.2357744
2.0838492
0.41277093
0.34962133
1.6186354
2.0339594
1.3219692
1.7829554
1.7404069
0.95129335
0.93701404
2.2719245
0.7101717
1.5019416
1.0018102
1.7653921
2.4898193
1.9712768
1.2338985
1.2493851
0.26123
1.2012212
1.9162006
1.349341
1.8994598
1.7377311
2.0374942
2.5129645
1.5942742
1.7320595
1.5645075
1.3267953
2.1369245
0.87205577
0.34813672
1.4436749
1.1819434
1.6470039
2.1783063
0.6110722
0.9376201
1.8713744
1.0532644
2.1133914
1.5645355
1.7235098
1.6282007
3.6682272
0.5249275
0.36960575
1.3878891
0.79146755
0.72473043
0.6354258
1.1482409
0.8415739
1.2001704
1.4890093
0.6420224
1.9099692
1.5398291
1.3912791
0.6528123
1.7425932
1.8790684
1.4855154
0.9412057
1.5311272
1.0556471
1.6041938
0.55779386
1.1534749
1.7328569
0.9970944
1.3561018
