0.8665491
1.1899087
1.2550722
1.5086879
0.82275736
1.4662243
1.1997386
1.5808914
1.2538757
0.41592357
1.9245623
0.8772044
1.4887521
1.3116206
0.7897667
3.0114777
2.067597
1.7642739
1.602105
0.8754755
1.2272869
1.485439
1.300998
1.4290446
2.516473
1.0710998
1.7612177
0.3835444
0.8480691
1.2435981
1.2608392
2.5611558
1.0924602
1.4345455
2.5163667
1.061371
2.064195
0.96028703
0.92187613
0.8266071
1.5540769
1.7423089
1.6451874
0.96695536
2.3413694
1.5821632
1.6094589
2.3144526
1.1402764
1.5632014
1.7316786
1.7716218
1.8252459
1.673245
1.0153582
0.3483045
0.79794127
1.7039758
0.9969733
0.5954426
0.76500905
1.56838
1.8481025
0.3835444
0.6857975
2.8014543
0.52684695
3.1020172
1.0906135
1.6173768
0.9769701
0.8767664
3.050529
1.5584085
1.4434296
0.7168969
0.6167799
2.2645528
1.0521075
0.378021
2.160664
1.5175756
1.6026986
1.3905036
2.1517076
1.0843745
2.1862535
1.3608897
0.7512484
1.4484128
1.2958184
1.5778166
2.250501
2.141094
1.7566222
0.69686663
0.54054374
2.1193154
0.9139758
1.0113497
1.1335584
2.8307912
1.926305
0.9502033
0.99703467
0.5573837
1.5210477
0.7785726
0.7641471
0.9542871
0.7835545
1.4852525
0.9459717
2.2448504
1.7783488
1.989004
3.243838
0.956033
1.3616189
2.9970894
1.6385885
1.1999022
0.6121551
2.6324735
2.0521271
1.2944258
1.8676002
1.482115
1.8625634
1.9687334
3.8545678
1.2655761
1.615076
1.4475543
1.2745128
3.5696719
1.4809408
1.3856437
1.4195338
1.6639086
0.7948036
0.56267107
1.6092718
2.1834757
1.521212
1.7699515
0.6479057
0.58696955
1.5796354
0.7509195
2.0066137
1.3952718
1.5544393
1.8692919
1.2411228
1.2260835
1.6699651
1.1145238
2.5097623
1.72134
0.77130497
1.295364
0.77548605
2.3638318
1.205761
0.32760736
1.0307384
1.129035
1.02385
1.9334687
1.0851488
2.8007648
0.3589349
1.6528662
1.7691672
0.6736843
2.2047954
3.6937358
1.0113974
0.9734772
1.3040369
1.9479321
0.84471977
0.51484704
0.48138946
1.2549888
1.1352465
1.5950384
1.9612626
2.134894
2.6478672
1.7013636
1.3025215
1.5479627
1.4902151
1.4712944
0.8181817
0.28071442
1.3989015
2.7563162
0.8142699
1.3488151
0.23524018
0.65367514
0.5050682
1.8038085
1.3343188
0.50587565
1.5974786
1.7520373
1.9497529
0.48158917
1.7698053
0.9787751
2.2552912
2.1677506
0.25926483
0.71216434
1.1489239
0.45878908
1.0201497
1.519026
1.6992202
3.2693338
1.5542268
0.59089184
3.0782614
0.84313625
1.4880016
3.982914
2.438564
0.675383
1.0263032
0.74163115
1.2593513
0.890027
2.3589933
1.5455858
1.3319613
0.4430124
1.5424429
2.0707743
2.7793264
3.2951832
2.1964488
1.6904384
1.8148409
1.2187274
1.5918766
1.1592156
0.45382175
1.225925
1.5677973
1.0451062
1.4187133
0.98251206
0.69757754
2.352546
1.2821784
1.7273557
0.6185726
2.8068101
3.615026
0.15923029
0.712605
2.0521824
1.5761468
2.4524238
1.8943754
0.9964299
1.3894451
2.079031
1.1171567
1.5545511
1.0198509
1.0592855
1.5662191
0.9296063
2.5512743
1.2411444
1.0364108
1.8274404
2.1691241
0.8046463
1.6619982
2.0753298
2.3180873
1.7111224
1.1077267
1.4364115
1.9274522
1.6797922
0.80687165
1.2020633
1.6498722
1.5558321
1.6752547
1.6569732
1.6248224
0.7857062
2.473672
1.8124393
0.71931154
0.79175025
1.8670812
1.1441867
1.6064758
2.513255
0.60392916
0.95309323
1.3329389
0.79338837
1.2902665
0.5968235
1.2226433
1.5854243
1.3197849
0.43868
1.3586886
0.9596523
0.78841895
1.1283915
1.1374016
1.8038602
0.5623949
0.6518315
1.0098946
0.5244014
2.0217702
1.382106
1.4488027
0.9716488
1.2364475
1.686308
1.8036712
1.8348495
2.630187
1.6708695
1.5328287
1.8568697
0.95468336
1.32585
1.3272545
1.5761738
1.6222073
1.1648102
0.82563454
1.3962336
0.32444018
0.61442614
1.0945634
0.5722101
0.739409
1.7421322
0.52892905
3.1045825
1.743069
1.1617317
0.8917733
1.2925025
0.39664844
1.5075424
1.2224325
0.47659925
1.5076418
0.6121551
1.4521741
1.087702
0.98105645
1.1279767
0.85318667
1.2619318
0.86934334
0.8049201
0.41706184
0.24311636
1.8826362
2.2976646
1.398015
1.9091802
1.4783475
0.6957995
0.43862393
2.8454187
1.8397542
1.4571776
1.4231027
1.1127076
2.2533605
1.1818919
1.6635889
0.6257071
1.676588
1.619061
0.7730417
0.5534321
1.5554239
1.3687725
1.3995732
1.942342
0.8218151
1.8594587
1.5059607
1.281196
0.6498694
1.804079
0.3522749
1.7899091
2.1869931
0.87806463
1.5265318
1.4548974
1.789369
0.98989123
1.8732576
2.007106
1.9254842
1.6874733
1.6586362
1.4073756
1.6994771
2.3249073
2.3075237
0.7813761
1.3814849
0.5835213
1.0559466
1.6061426
1.5542452
1.2542737
0.5082871
1.4283652
0.3835444
0.91257054
1.2633924
1.8708423
0.8148479
1.4080943
0.5901647
1.6545284
1.0396372
1.6445131
1.4968972
0.7869816
1.2815751
0.62003124
2.5531456
1.2432113
2.3138797
1.4160455
1.3246695
1.5221549
0.6047289
1.2647946
1.0556769
2.1929688
0.422378
2.673033
1.432159
1.5884846
0.7440912
2.876
1.595939
0.67405283
2.9550683
2.586705
1.1252182
1.9684333
1.5423384
1.8527749
0.66882163
0.66705126
1.3637193
3.5849683
1.3335207
1.4460009
0.7021639
0.28608555
0.6043436
0.95327276
1.3324145
1.7214195
1.3494512
1.6035709
0.6037353
0.5419543
0.40662763
1.6128064
0.61629117
1.1719707
2.4552243
0.8175143
1.0947164
2.6372626
1.6009405
0.27195853
2.1102839
1.1918064
1.4092568
1.13059
1.9343628
1.4633512
1.456882
2.922273
0.6390422
1.1181277
2.0216265
2.0768194
1.0871593
1.1761497
1.4426517
1.0235624
1.0593699
0.94734216
1.2277685
3.5954292
1.6811135
2.006996
0.6821738
1.0539111
1.9204416
1.0315849
0.7162979
0.9602605
1.1937016
1.4048423
2.0734732
0.456688
1.2103332
1.4624822
0.50745577
0.50449663
1.5239462
0.8756398
1.404039
1.5296125
2.2272344
0.9925864
2.2896748
2.0501094
0.84032345
1.6606795
2.564671
1.5706452
1.8340617
3.877773
1.3888164
1.3784074
1.5064174
1.1546816
0.8776385
0.43032375
1.4391232
1.92818
1.5585881
1.1753502
1.0327704
1.2458386
0.9850592
1.656305
0.6043655
1.6020354
1.2472774
1.673369
1.7132348
0.96973175
1.4699017
2.1521096
1.5540907
1.7753245
1.4166969
0.5566937
1.7677084
1.4734597
1.7604865
1.5259687
1.4077219
2.1298392
1.8564253
1.0468414
3.2332509
0.57452255
2.5607529
0.3649853
1.0491514
1.9146773
1.9382949
0.41706184
2.1178932
1.4039199
1.577238
1.1839658
1.4030663
1.7123702
1.9700419
1.3069574
1.0265688
0.8460894
1.3637516
0.564517
1.7528546
1.3567402
1.3822798
0.7025629
0.3988433
1.8242873
0.90932715
2.989079
1.1483568
1.3912742
2.1145694
0.30467623
1.2638433
2.2416153
1.2366904
0.34416762
0.47455868
3.1079438
1.4502355
1.7942197
1.0164981
2.2203796
1.40955
1.1604854
1.0043564
1.2503589
0.6257178
1.8784239
2.0157413
1.5173154
0.3326048
1.9744083
1.3786268
0.29222056
0.58279824
2.8641498
1.4936514
1.4085548
1.8877101
2.2083006
0.63954943
0.39038515
0.68295944
1.5987011
1.8718044
1.2642157
2.0100293
0.3589349
0.32762012
1.6673386
2.0324686
1.1753107
1.9410081
1.5961006
0.8518368
0.9775616
2.2928822
1.0065491
1.5594733
0.843371
1.8539056
2.4989908
1.9871112
1.2094003
1.1764728
0.35482544
1.1394789
2.0710642
1.4007025
1.9148089
1.8185866
2.135663
2.4273098
1.4213644
1.5512682
1.5297438
1.2431321
2.2514231
0.8388545
0.32444018
1.3642111
1.1640103
1.5714943
2.2518058
0.68515027
0.7882705
1.8020203
1.0635327
2.022669
1.6285249
1.821372
1.7684655
3.7365785
0.54508096
0.34629264
1.5110168
0.863877
0.92540854
0.6174215
1.1079861
0.89979684
1.1776245
1.5966954
0.70514506
2.0098655
1.508505
1.4198185
0.5759103
1.6666102
1.9164808
1.48595
0.9060817
1.4716066
0.95954365
1.5978594
0.5565463
1.1847051
1.6474123
1.123085
1.331304
