0.8136056
1.1218147
1.3770341
1.5112071
0.87633157
1.4745507
1.2615411
1.56133
1.263839
0.390492
1.9620277
0.9242191
1.4894606
1.3326573
0.77743316
2.9915457
2.0762923
1.7313846
1.6253923
0.8817569
1.3287988
1.4872019
1.4047896
1.4719782
2.566241
1.126503
1.740648
0.35425106
0.9562405
1.2560031
1.29987
2.5055244
1.0483867
1.4187759
2.5068877
1.0347831
2.040458
0.92833906
0.8881561
0.83145833
1.5822375
1.5917363
1.6262076
0.9940254
2.4347475
1.5622381
1.559965
2.377908
1.1275499
1.5243127
1.7248684
1.7594002
1.7670853
1.713125
1.0090065
0.35425106
0.8457158
1.7177738
0.85559285
0.6092464
0.67046666
1.6470442
1.7448425
0.35425106
0.7537403
2.8227093
0.5176777
3.123526
0.9878222
1.6969166
0.9084181
0.8438084
2.9952319
1.4677991
1.4455069
0.74873716
0.6031391
2.1729414
1.0709544
0.40939954
2.1550243
1.4994267
1.5439924
1.3935655
2.1706567
1.1223193
2.1445026
1.3340119
0.76774216
1.4432654
1.332335
1.5656916
2.121376
2.0965414
1.6719334
0.63923454
0.6807759
2.1952813
0.8452903
1.0300354
1.0952827
2.8157797
1.849573
0.92038065
0.9713208
0.4828069
1.4327962
0.7487777
0.8332132
0.97640413
0.68226564
1.5355724
0.8856111
2.2516816
1.7383679
2.00087
3.1246963
0.92191684
1.4163846
3.0208142
1.6876681
1.0650338
0.58674955
2.671756
2.12597
1.3893955
1.8764158
1.4559082
1.8002347
1.9449751
3.8834171
1.258689
1.6008887
1.5320754
1.1975324
3.6369522
1.5092701
1.4673144
1.4331014
1.7145544
0.8091747
0.518921
1.673955
2.2410274
1.5268898
1.696753
0.6609892
0.5119385
1.5666009
0.7853287
2.0423403
1.3503091
1.5108554
1.9348377
1.3147002
1.2669368
1.8544607
1.1187184
2.4829524
1.6437978
0.70422804
1.2210807
0.78256774
2.3440995
1.1812383
0.27688906
1.0167167
1.1362482
1.1136333
1.9020177
1.0825081
2.7656693
0.40939954
1.6977361
1.6540222
0.7226104
2.2577155
3.701034
0.94366384
0.91553956
1.2183157
1.9219509
0.89109594
0.40939954
0.542869
1.2469785
1.1532226
1.5159159
1.9836003
2.2194343
2.669644
1.793576
1.2100048
1.646551
1.5201638
1.3900146
0.82438105
0.35026494
1.2874761
2.720802
0.7719802
1.3994662
0.23401128
0.6608499
0.57867336
1.7485367
1.2177823
0.56656945
1.5923026
1.7001679
1.9245391
0.48523608
1.7375044
0.9679053
2.2751389
2.217195
0.25482228
0.6953085
1.216025
0.4653733
1.0530089
1.5503112
1.642986
3.2577336
1.5312974
0.67046666
3.0130143
0.8490801
1.5001771
3.9164705
2.4534252
0.661179
0.99062365
0.7401118
1.2798029
0.87989855
2.3600047
1.4984256
1.2504742
0.4485471
1.7049851
2.1222878
2.7511756
3.333635
2.3786821
1.7570289
1.8665698
1.2263143
1.6132308
1.1811112
0.5585263
1.2510233
1.6213884
1.0875574
1.432919
1.0100312
0.6210092
2.4000144
1.1683623
1.6540252
0.64323205
2.8478932
3.6948678
0.23502734
0.7009965
2.1285276
1.4207553
2.4554005
1.8778998
1.0058724
1.2907962
1.9991335
1.1334219
1.6352981
0.99272877
1.0583984
1.5461491
0.9314866
2.545814
1.2729679
0.99726886
1.9324092
2.1401632
0.7532642
1.6266717
1.9931808
2.3692865
1.6883882
1.1543899
1.3935138
1.8575598
1.6835864
0.8523912
1.1577647
1.6839967
1.5469823
1.7207994
1.6447331
1.6098516
0.79809314
2.44069
1.7754245
0.79078835
0.8319537
1.9390318
1.1676831
1.6289283
2.6340606
0.58695793
0.9787666
1.3364805
0.7457868
1.1667247
0.58585554
1.2185754
1.5925092
1.3457801
0.40939954
1.2977955
0.9987295
0.7821452
1.1406853
1.1982502
1.8641746
0.518175
0.6510557
0.94607294
0.5242987
2.0269952
1.5161679
1.4749932
0.95035964
1.1747756
1.5916243
1.8335488
1.8988684
2.5940979
1.6608614
1.4435341
1.8851887
0.96849525
1.3148633
1.3411283
1.6673423
1.5280832
1.2518524
0.8932489
1.3028696
0.35425106
0.5739816
1.1084062
0.439234
0.8252843
1.6888269
0.4762378
3.0832055
1.8607786
1.1429499
0.90210825
1.4350562
0.38655093
1.4210175
1.2769026
0.3903748
1.503506
0.58674955
1.4224732
1.023962
0.9750629
1.0562627
0.8644966
1.2500768
0.81926566
0.72329706
0.35425106
0.34315112
1.8720988
2.193027
1.3632321
1.9344631
1.573522
0.705866
0.52226293
2.8385355
1.8141205
1.4524863
1.5269463
1.1055822
2.2021058
1.3292288
1.6833043
0.60173213
1.6103041
1.6815397
0.82120293
0.57909375
1.6511385
1.4683691
1.5234399
1.8295977
0.7608502
1.8542029
1.3806498
1.3800901
0.60094
1.7917764
0.28773364
1.7543222
2.1849627
0.951996
1.566184
1.3965671
1.7850437
1.0150878
1.7516034
2.0271304
1.8793315
1.788735
1.6390308
1.4534649
1.7372538
2.296873
2.3348262
0.86828923
1.2433412
0.58586264
1.1377866
1.6950456
1.72136
1.1791266
0.43728498
1.4627855
0.35425106
0.8269991
1.2103045
1.7938765
0.86498755
1.3082842
0.5552067
1.5162971
1.0786915
1.739599
1.4562533
0.837085
1.4126854
0.60727024
2.4672344
1.3396056
2.2565637
1.4033695
1.2225451
1.5363662
0.6435585
1.2611188
1.1707681
2.1552188
0.4287522
2.6095235
1.305004
1.5624366
0.7929649
2.7587824
1.523686
0.65463674
2.8956869
2.5383346
1.1852075
1.9569921
1.6093248
1.920574
0.66097856
0.65909517
1.3611667
3.677083
1.319274
1.4622087
0.70814836
0.35425106
0.58586264
0.8335658
1.2560699
1.7195582
1.2503133
1.7010584
0.59472436
0.55634254
0.40223885
1.5768167
0.6879331
1.2060289
2.4539852
0.8194108
1.0890722
2.603191
1.7303532
0.3192906
2.0365925
1.0932658
1.3598142
1.0889244
1.9152904
1.4842063
1.4099814
2.8434176
0.58586264
1.1989056
2.0295856
2.0752683
1.0790814
1.339968
1.4532688
1.1200497
1.1186373
1.000135
1.171145
3.6195164
1.6275495
1.951772
0.6680193
1.1154836
1.9143257
0.9497498
0.71095437
0.89659035
1.1993324
1.4152769
1.9690231
0.41484421
1.2446901
1.477253
0.53441805
0.4964083
1.5009233
0.7896362
1.4469507
1.5724198
2.1898005
0.9913338
2.2473252
2.0608182
0.9119474
1.6588167
2.5205395
1.5913616
1.8454771
3.850233
1.3354206
1.3291645
1.628115
1.1377406
0.83461744
0.40939954
1.4754481
1.813788
1.6921673
1.1807
0.9845659
1.2404745
1.0326383
1.680524
0.60354555
1.59714
1.3030274
1.5697457
1.7236025
0.90497804
1.4511528
2.059788
1.4566145
1.7445437
1.3161931
0.5034321
1.8087626
1.535447
1.6613022
1.5600045
1.4696943
2.063756
1.8613616
1.0691103
3.245529
0.6581012
2.4994116
0.3235294
1.0989466
1.9229091
1.9661047
0.35425106
2.0679839
1.4597759
1.6704575
1.2166152
1.5214967
1.7345037
1.9632878
1.3424318
0.9086657
0.892853
1.3330915
0.49860194
1.7542206
1.2590542
1.4479547
0.69282913
0.40939954
1.8097758
0.8414781
2.952284
1.1864734
1.408105
2.115011
0.29199907
1.3443136
2.1676962
1.046127
0.28949288
0.49546918
3.1279504
1.4798843
1.8086181
0.9946585
2.1509833
1.4433763
1.1568711
0.9084181
1.3154477
0.66371685
1.904692
2.0090084
1.7327638
0.2840452
1.784146
1.380313
0.29427418
0.7025844
2.970919
1.6156579
1.3808641
1.8516669
2.1553366
0.71669525
0.32069382
0.71552694
1.5310706
1.9350116
1.1917695
2.0372176
0.40939954
0.28630877
1.6492469
1.9302509
1.2283432
1.8394358
1.5281558
0.89359826
0.9979562
2.1639428
0.8677113
1.5750538
0.82994753
1.8934901
2.415788
2.0163727
1.246582
1.1915286
0.40691778
1.1438463
2.036142
1.2961189
1.8512903
1.8264188
2.0442855
2.3751771
1.4261081
1.5265797
1.5385765
1.1930557
2.1706722
0.76197785
0.35425106
1.3896258
1.2359018
1.5238928
2.2955067
0.6808154
0.837565
1.8788356
1.0716456
2.0099866
1.6818796
1.7807947
1.7192876
3.6024194
0.5403845
0.35347566
1.4726588
0.85016423
0.8046284
0.7625028
1.2014952
0.8748918
1.1869355
1.6329522
0.7124979
1.8955277
1.5131915
1.3980697
0.6504518
1.6967477
1.8792882
1.4499371
0.8713137
1.4784087
0.9190544
1.6068916
0.5765834
1.1911511
1.544942
1.084189
1.2540165
