0.8852987
1.1921433
1.2158817
1.5328208
0.9167555
1.468441
1.1371922
1.7088064
1.3080584
0.5044131
1.8692794
0.8416919
1.5413826
1.3878876
0.71241415
2.8200536
2.132082
1.8635705
1.3944042
1.0084364
1.3044502
1.6710978
1.2908207
1.4754928
2.3644254
1.1793569
1.6785935
0.36052418
0.91330904
1.225096
1.3753294
2.5239952
1.0781658
1.4515551
2.5579052
1.006142
1.9453471
0.840823
0.87957907
0.8874842
1.5176136
1.5757626
1.7045306
1.0451785
2.3940432
1.4817786
1.6184405
2.4594574
1.2832636
1.6362593
1.6864526
1.6765473
1.8129365
1.7774271
0.92095983
0.5146161
0.86055547
1.8125566
0.9756244
0.51076484
0.7495622
1.5284748
1.891407
0.44468206
0.77793694
2.7213511
0.5175336
2.9491866
1.0619687
1.5358126
0.96353316
1.0416235
2.9909735
1.545232
1.4670302
0.6465855
0.6144994
2.284448
1.0948035
0.34667325
2.1942992
1.4655119
1.7123218
1.3874745
2.1375496
1.0688086
2.1513057
1.356152
0.69815284
1.5905963
1.258286
1.7240419
2.2030385
2.1235538
1.7903205
0.7652707
0.49397507
2.1188815
0.866574
1.058723
1.1397611
2.9192195
1.9013275
0.87459177
1.0456104
0.52523685
1.421123
0.70235246
0.8466333
1.028894
0.73721784
1.4454259
0.8366086
2.147418
1.6557482
1.993316
3.2081585
0.9037029
1.318858
3.046284
1.6937913
1.1784371
0.600189
2.7121625
2.0607028
1.4127936
1.8919727
1.44709
1.8814944
2.1047862
3.9787621
1.3683093
1.5148287
1.4798912
1.2435917
3.7287428
1.543681
1.5204698
1.357911
1.6889713
0.81169045
0.590594
1.682777
2.2218843
1.3390242
1.9067385
0.59171045
0.47685465
1.5856372
0.7258077
2.0634334
1.3541381
1.5916578
2.0429366
1.2859415
1.3906773
1.7896887
1.1185721
2.3784184
1.7623725
0.7261044
1.3104423
0.8146593
2.3596592
1.1320367
0.28752568
1.0393363
1.1257356
1.0465622
1.9361045
1.0844992
2.7642417
0.38711345
1.596936
1.7172052
0.6900916
2.2917385
3.6657834
0.9210145
1.0416235
1.2141683
2.0004644
0.8264609
0.4610814
0.5860244
1.1213189
1.077507
1.5989172
2.0261197
2.219919
2.6589398
1.7251757
1.2994491
1.57104
1.5406274
1.3925847
0.89794374
0.28321317
1.4561787
2.7395294
0.85750616
1.5116258
0.22053052
0.7139159
0.596292
1.7912397
1.3177329
0.652783
1.5886579
1.8126488
1.9794737
0.47016895
1.6948781
0.890312
2.2548225
2.1167426
0.28467274
0.5811658
1.2663505
0.43111533
0.95149124
1.5236875
1.690418
3.334099
1.5691429
0.68926424
3.1036508
0.8095877
1.4405546
4.0319104
2.5006824
0.6818738
1.1566252
0.72903764
1.2269052
0.87944674
2.3131986
1.5360986
1.2181158
0.35464144
1.4878999
2.099861
2.7870245
3.4048176
2.243513
1.8261628
1.8829738
1.2239369
1.6317539
0.9620182
0.5700228
1.1088078
1.6600528
1.1106316
1.4406245
0.9623967
0.6479479
2.2655616
1.5250908
1.7150997
0.6605513
2.8480031
3.60783
0.16377518
0.67979926
2.2261932
1.353504
2.555706
1.8858685
1.1234683
1.3475468
1.921844
1.1058813
1.6034615
1.0213478
1.0864365
1.6890923
0.84732825
2.6311684
1.2699013
0.97532713
1.938178
2.2604654
0.7962384
1.6282654
1.9881662
2.393691
1.6314439
1.0986427
1.5568932
1.8444802
1.6519727
0.836516
1.16492
1.5894532
1.5620261
1.6213452
1.7291957
1.7406943
0.7678237
2.3822217
1.7241757
0.82615995
0.823222
1.7906674
1.2724694
1.6073287
2.585166
0.597612
0.9489079
1.2191844
0.7934741
1.3439884
0.5352193
1.2448181
1.5624132
1.2564076
0.40438986
1.3299915
0.97475964
0.7451551
1.1557336
1.0860373
1.8594401
0.6702473
0.64200574
1.146096
0.6148094
2.0212727
1.3806254
1.5655612
0.9984442
1.2045157
1.5659913
1.7405567
1.7194648
2.531686
1.641461
1.4903123
2.0324733
0.99297637
1.3384174
1.3325422
1.5127375
1.5865864
1.185334
0.8036389
1.4550201
0.2617429
0.6802294
1.2681175
0.33308938
0.7211019
1.8141255
0.4341199
3.0797527
1.7927533
1.2807375
0.8236393
1.2581124
0.45890316
1.5236297
1.2746834
0.37340274
1.52564
0.600189
1.5991441
0.9896056
0.92033446
1.1120446
0.8354032
1.2454107
0.7385017
0.7871622
0.3924566
0.36754492
1.9815954
2.1462488
1.3961343
1.9630637
1.5220859
0.6847198
0.46271893
2.846098
2.02735
1.5086813
1.4556559
0.99308926
2.2436206
1.0928264
1.754581
0.59172213
1.572669
1.6170906
0.80243915
0.5771675
1.5102555
1.472438
1.462233
1.902853
0.74945056
1.8452702
1.3950982
1.4620075
0.52666557
1.7321612
0.39896405
1.5017527
2.2371619
1.005955
1.6133949
1.2464405
1.696766
0.91664284
1.8028295
2.012037
1.9634317
1.8471051
1.6444254
1.3169723
1.672668
2.3310487
2.2533844
0.7560829
1.2780768
0.6081898
1.1333275
1.5574533
1.7135019
1.337249
0.44893607
1.387052
0.40624756
0.9404077
1.1354996
1.8008873
0.89886737
1.5443888
0.6276077
1.5155892
1.103643
1.7383357
1.5739976
0.6744742
1.255856
0.5956004
2.5203269
1.3196107
2.3327124
1.3608854
1.3248411
1.541265
0.54063886
1.2195455
1.0763562
2.25044
0.3937199
2.6570854
1.3752464
1.5075033
0.7197031
2.739813
1.5448314
0.7135378
2.9675493
2.6041338
1.1877515
2.0047343
1.6598976
2.08754
0.722726
0.5575692
1.4820585
3.7414958
1.3243052
1.4118185
0.7290013
0.33899754
0.6250212
0.8999257
1.3015934
1.7689793
1.2812595
1.7048321
0.46854547
0.50311613
0.34527448
1.6761228
0.500935
1.1666493
2.3934946
0.83288497
0.97251064
2.5611153
1.566402
0.25870073
2.1277528
1.0458181
1.4009068
1.1476191
1.8668005
1.4747021
1.3526055
2.8387606
0.67358214
1.2321178
1.904741
2.0752892
1.0640197
1.3609294
1.4902512
1.0492517
1.0828223
1.1135385
1.1824683
3.5400362
1.6745911
1.9976771
0.5957274
1.0699178
1.8490144
1.0382779
0.6777145
0.8020291
1.203196
1.4180808
2.0653393
0.3681809
1.3307763
1.4445939
0.6389169
0.4206975
1.4847751
0.9258872
1.4425358
1.597167
2.1894567
0.9267192
2.202956
2.0710342
1.0023574
1.7379366
2.6256955
1.545004
1.8498156
3.8935778
1.2205273
1.2427201
1.5880675
1.0521469
0.7652133
0.3917308
1.5102125
1.862195
1.6454061
1.2342329
0.9693671
1.2327992
0.9982552
1.7308424
0.43416542
1.5457437
1.2444009
1.5043341
1.7771486
1.005837
1.357786
2.02585
1.6401427
1.6961223
1.4596354
0.55192864
1.6694057
1.5285916
1.8577511
1.6021072
1.4928454
1.9583578
1.9280123
0.9515139
3.2798934
0.657588
2.626082
0.56423485
1.0576264
1.9137225
1.9589946
0.3924566
2.065014
1.5152097
1.643901
1.1593275
1.39275
1.7429935
1.9647828
1.2630079
0.9270043
0.84961146
1.4557823
0.46211916
1.8241162
1.2704836
1.3488607
0.7691719
0.34667325
1.7612783
0.8796501
2.8836555
1.1021907
1.3857076
2.0043135
0.2869814
1.3735852
2.2285419
1.0828944
0.27134925
0.40793404
3.0872831
1.3415841
1.6710827
0.9910766
2.0795517
1.3420855
1.1332748
0.92830026
1.2046065
0.6318498
1.78945
2.0736668
1.6475812
0.22138125
1.900907
1.3620086
0.2568022
0.65393764
3.0365129
1.5010369
1.46999
1.8681897
2.22348
0.655211
0.40698957
0.608546
1.517284
1.9717814
1.2471349
2.079883
0.36543882
0.4070436
1.6860447
2.0210392
1.214382
1.8173244
1.5520763
0.96982336
0.85058576
2.3263638
0.8165346
1.3183744
0.9329684
1.8193915
2.470222
2.0064306
1.2720213
1.1897473
0.3352821
1.0710636
2.0495126
1.4166704
1.9127954
1.7851636
2.0699432
2.4484038
1.7545583
1.7889935
1.5515122
1.3122516
2.1957912
0.9145396
0.3444116
1.5282987
1.2133926
1.5696805
2.2226691
0.6576726
1.0088598
1.8978237
1.0750946
2.103881
1.6822096
1.7930421
1.6765668
3.5674133
0.50362885
0.4337604
1.3689424
0.8332806
0.77679676
0.6944694
1.1829153
0.8833396
1.2639902
1.472186
0.6992852
1.8035904
1.6126177
1.504042
0.682595
1.671712
1.9625006
1.5531918
0.9311161
1.5400563
1.0421811
1.6989689
0.54964244
1.1357694
1.6130263
0.8714386
1.302284
