0.8342915
1.1724579
1.1653794
1.5419363
0.92079324
1.5539944
1.101718
1.4983869
1.3033835
0.4913247
1.9549677
0.8917897
1.4999068
1.4039233
0.7628479
2.9586241
2.2258031
1.7816991
1.4643995
0.9776539
1.2366978
1.7591245
1.3039359
1.3639952
2.590697
1.1540936
1.6134167
0.3573218
0.8435709
1.1830435
1.3717903
2.475234
1.076484
1.438067
2.5625894
1.1676314
2.0717514
0.99140906
0.9853877
0.73900557
1.5245336
1.6420091
1.6525065
1.0057229
2.468169
1.6211414
1.5767782
2.3815298
1.281333
1.6344568
1.8224375
1.6777139
1.8099877
1.929008
0.9820737
0.40413553
0.7713195
1.7492456
0.92934144
0.5855146
0.69081056
1.6501286
1.8177367
0.40857738
0.65338993
2.7474873
0.4155092
2.9803357
1.0480974
1.478531
0.92004204
1.0331383
2.9652746
1.5144742
1.3518398
0.7285515
0.6260811
2.309665
1.0337149
0.30827188
1.9872596
1.4878349
1.499348
1.4778119
2.1590667
1.0607235
2.1089113
1.4602242
0.763214
1.3868271
1.4400553
1.5599977
2.1186912
2.029079
1.7602861
0.64368784
0.6540959
2.2174885
0.93051505
0.965028
1.0653831
2.8080583
1.9850351
0.8782574
1.0452232
0.52753145
1.4391235
0.6951453
0.8473356
1.1389632
0.75288606
1.4973718
0.89794594
2.2417772
1.8525668
2.0056777
3.1625109
0.9629634
1.3466349
2.9937992
1.5930645
1.1757053
0.5970858
2.560231
2.1953497
1.3220181
1.8888642
1.5183202
1.8270843
1.9890139
3.843481
1.3250473
1.4826988
1.5008641
1.2429082
3.5460272
1.5321063
1.3898714
1.4928571
1.5792998
0.82971704
0.555737
1.5770994
2.0729244
1.4385183
1.878374
0.5987768
0.5117765
1.5141059
0.7896328
2.0869293
1.3945233
1.6618302
1.92398
1.2814592
1.2742822
1.7343568
1.1235617
2.3816793
1.6946416
0.87219787
1.3294935
0.7997115
2.3416955
1.267231
0.3424903
1.1585454
1.0724574
1.0312878
1.9541721
1.1619475
2.6828632
0.30827188
1.566008
1.828495
0.76556826
2.288468
3.5982676
1.062388
1.0534663
1.1956958
1.9561327
0.9555452
0.44362444
0.49343255
1.2104738
1.20482
1.4915181
2.0023634
2.2176998
2.7278032
1.7818257
1.2899169
1.6904747
1.5080411
1.3576862
0.871451
0.22567026
1.3218632
2.7508395
0.7921232
1.3976636
0.26345348
0.6652461
0.5069322
1.8635204
1.3461562
0.52393836
1.6505935
1.8175994
1.9398361
0.4584813
1.7786329
0.9027811
2.3659432
2.071383
0.28465274
0.6156131
1.191862
0.33532277
1.0394231
1.5271878
1.759571
3.2523618
1.5494184
0.5547993
3.0522647
0.94384664
1.4740971
3.9496586
2.4222374
0.66554236
0.99313575
0.64386815
1.2317538
0.81350213
2.3461459
1.528099
1.0643536
0.44273382
1.5431219
2.12149
2.8297627
3.3371735
2.2520723
1.7674512
1.890285
1.3576915
1.6050274
1.0745469
0.4578566
1.2524838
1.6072656
1.0713179
1.4108025
0.93882585
0.68874186
2.4505324
1.2935781
1.7257226
0.6765918
2.7966578
3.6704404
0.20495403
0.6840701
2.0530982
1.4939446
2.5733898
1.8501809
1.0159086
1.4504472
1.9916006
1.0951464
1.6047807
0.9819574
1.0344026
1.4379065
0.88902545
2.5681581
1.20733
0.979377
1.9011049
2.0700705
0.7768102
1.7769235
1.984952
2.2408788
1.7684109
0.9665929
1.3810223
1.9316441
1.6479471
0.7489712
1.295987
1.7138956
1.4930705
1.7128379
1.6319666
1.5399883
0.7727865
2.476027
1.8482126
0.8698442
0.7708675
1.8690695
1.2425183
1.5476903
2.507054
0.62320685
1.0763108
1.277861
0.7789886
1.3223115
0.4936212
1.1828709
1.4887944
1.3673679
0.36091506
1.3744701
0.94692403
0.9025838
1.1991906
1.2072822
1.8768388
0.5423408
0.57802707
1.0333575
0.57518804
2.088034
1.4272647
1.4741559
0.8466487
1.1973354
1.5566169
1.8846726
1.781212
2.6882434
1.6371704
1.3807952
1.9473372
0.94331825
1.32023
1.3248208
1.5140713
1.5188999
1.2531247
0.8712313
1.4286387
0.354712
0.69936585
1.1985166
0.5304709
0.7181107
1.804274
0.5001977
2.9530923
1.8740853
1.2035971
0.90716225
1.2705292
0.43967286
1.4205562
1.3017302
0.4219999
1.5460825
0.6420665
1.5622133
1.0226926
0.8428294
1.0207107
0.8233258
1.1458879
0.7986128
0.7320462
0.33671623
0.37154326
1.8919938
2.1226878
1.2149113
1.9116555
1.3908312
0.7254193
0.4629537
2.9089956
1.9554983
1.369781
1.4852743
1.022444
2.0733123
1.206277
1.7069263
0.5756028
1.6790919
1.6841534
0.83927006
0.62701046
1.5481279
1.4287305
1.4870127
1.9271725
0.7475904
1.7668161
1.3530067
1.3391807
0.52961177
1.8236492
0.41180688
1.7099421
2.205536
0.9066305
1.6250565
1.1996782
1.7773466
0.93736595
1.7256585
2.0081358
1.929625
1.7351044
1.6954669
1.3485711
1.5073408
2.263893
2.2270327
0.8175933
1.2733499
0.5423128
1.1540709
1.7643476
1.6347195
1.1959293
0.45372307
1.3732204
0.40857738
0.91787124
1.3124465
1.7474835
0.8285688
1.4645394
0.61511225
1.6503096
1.0548469
1.6642077
1.5858953
0.6326411
1.2931399
0.7107853
2.6097558
1.202869
2.3207157
1.541439
1.3109142
1.5530787
0.5546893
1.3281213
1.0978124
2.1163714
0.48874828
2.7348385
1.3695477
1.535106
0.76700413
2.7159655
1.5156702
0.65963155
2.9765747
2.4560232
1.1364024
1.9655427
1.6582725
2.0427723
0.7531535
0.6110982
1.5667609
3.8650239
1.3262043
1.4141554
0.745645
0.3493222
0.4892935
0.83198375
1.2634633
1.7003958
1.1317269
1.6397234
0.56848556
0.52743816
0.45735723
1.5866145
0.50669396
1.1975951
2.4031131
0.9047922
1.1267445
2.5343456
1.714093
0.20706294
2.0849247
1.0433153
1.4095088
1.0518011
1.8645918
1.4320066
1.4527948
2.7963881
0.55035967
1.1027819
1.9201926
2.1076727
1.1428816
1.2553848
1.3802959
1.2385467
1.1758864
1.0675284
1.1480178
3.7168446
1.6463904
2.068721
0.679687
1.1428782
1.9303302
1.0915198
0.7207483
0.8029307
1.1718061
1.3984498
2.0288389
0.45087454
1.3482788
1.4730259
0.4947028
0.59767944
1.5533351
0.8881913
1.4029043
1.5247934
2.2074065
1.0681062
2.2364533
1.9835837
0.8954372
1.5909851
2.5999424
1.5157994
1.8096092
3.8910885
1.3055083
1.2909775
1.5078955
1.1068611
0.8404909
0.49980798
1.4905041
1.8460144
1.6124734
1.251305
1.0848527
1.230691
0.984608
1.6121066
0.56360334
1.6493068
1.2329069
1.5211575
1.6887205
0.9563065
1.4877306
2.162874
1.5794635
1.704884
1.3657056
0.64609903
1.8466868
1.4669607
1.7728753
1.506408
1.5078964
2.0139232
2.0543885
1.0895678
3.2364535
0.74170977
2.532379
0.3930535
0.99024576
2.0425632
2.0080554
0.32317716
2.0277495
1.4875565
1.6089355
1.2317044
1.4011434
1.6671137
1.9356221
1.2635765
0.902707
0.8549833
1.2652822
0.59234357
1.8910091
1.3204187
1.4754124
0.6145109
0.44214374
1.6632134
0.9626488
2.910389
1.0525682
1.408328
2.0776887
0.15430519
1.3336964
2.2059083
1.0649813
0.24572842
0.41290835
3.072212
1.4558698
1.6543142
0.9941102
2.1380546
1.4479153
1.1533074
0.97962743
1.1242512
0.678309
1.9462242
2.1123497
1.659385
0.27899128
1.9891918
1.2832185
0.41359603
0.6195998
3.1318102
1.6615012
1.5328757
1.8144932
2.2013483
0.71348685
0.2995787
0.7405378
1.5550288
1.8681164
1.1487392
2.0606787
0.30827188
0.22510056
1.5932883
2.0589035
1.2531747
1.7462479
1.6722894
0.92577827
0.9233658
2.2716498
0.8248848
1.5908407
0.9615388
1.8635714
2.4767828
1.9989527
1.1382242
1.07105
0.23464626
1.0534803
1.9199779
1.4235879
1.9713846
1.756009
2.03218
2.433236
1.4014682
1.59038
1.5165471
1.3062793
2.1753879
1.0002257
0.40857738
1.4467846
1.2738696
1.6074274
2.2676482
0.71936136
0.9541551
1.898705
1.1132085
2.0230565
1.613234
1.7280462
1.5131956
3.6595032
0.54519594
0.67341316
1.4396682
0.72791
0.8050806
0.64762807
1.309063
0.8361363
1.113637
1.4353147
0.7448852
1.8285744
1.4182247
1.5509131
0.5956379
1.701682
1.8995726
1.5114222
1.0384033
1.4308475
1.1257415
1.6625844
0.4949266
1.0130593
1.5735257
1.160064
1.4700266
