0.8199418
1.064815
1.2811403
1.644353
0.78206015
1.4621427
1.1365721
1.5425253
1.2966497
0.3951641
2.0331233
0.95071757
1.3367424
1.2581936
0.5255136
2.9697063
2.061963
1.7674214
1.4231758
1.1025835
1.2233257
1.6584932
1.3890262
1.4468817
2.5135684
1.0385809
1.7435819
0.42322767
0.8492108
1.2506723
1.1848879
2.5406022
1.0255634
1.2773236
2.5018678
1.0320104
2.0969691
0.95541304
0.9753983
0.7897931
1.5813122
1.5886105
1.570203
1.1055051
2.317492
1.5160247
1.5555767
2.2351243
1.509276
1.4974345
1.6899675
1.724676
1.8446112
1.7943038
0.97473204
0.4011665
0.760547
1.9277389
0.9405829
0.5862126
0.7927715
1.5983248
1.8352103
0.42322767
0.6967056
2.5234137
0.45443627
3.0602777
0.95956016
1.5122801
0.8808837
0.9919869
2.9772007
1.4704857
1.4060444
0.84234166
0.57468176
2.1550813
1.155777
0.3278609
2.2683957
1.5531669
1.5766994
1.3587365
2.2736647
1.0612185
2.2436292
1.2672721
0.7225506
1.3576617
1.244278
1.4557936
2.1859877
2.1376681
1.862627
0.8093067
0.5454906
2.2836747
0.8533871
0.9485888
1.0191464
2.881732
1.8822182
0.81891865
1.0554521
0.6152068
1.4329722
0.54085517
0.88316745
1.0835942
0.7663335
1.563508
0.92452735
2.3121977
1.6445825
1.9184783
3.046479
0.87547654
1.4710088
2.876995
1.6590971
1.080423
0.5443597
2.590638
2.204996
1.4000628
2.0143738
1.3285725
1.8832673
1.9761959
3.9728506
1.2658026
1.4454626
1.4508547
1.1029392
3.630709
1.4495285
1.5633705
1.41451
1.7311088
0.7997849
0.623953
1.5367502
2.0277817
1.3875154
1.7837653
0.65605205
0.61448205
1.563856
0.6462121
2.1361177
1.4262886
1.6874889
2.115532
1.2965935
1.3173304
1.7324572
1.2230877
2.4293258
1.6515739
0.7859032
1.3389355
0.86546934
2.3934345
1.3455583
0.41197413
1.0569417
1.1760936
0.9932385
1.9785827
1.0419508
2.6325202
0.4406481
1.5387744
1.7608231
0.7570286
2.313212
3.7619908
1.0548673
1.0801268
1.3381808
2.0497665
0.89553756
0.4926085
0.47542036
1.2498142
1.1350012
1.57295
2.0241039
2.1529157
2.6362352
1.6504309
1.3205384
1.6805781
1.4765075
1.430114
0.8232243
0.26413608
1.3783078
2.8699374
0.74081117
1.4271128
0.33047616
0.42674017
0.39601952
1.883128
1.3300858
0.70756394
1.6330606
1.671063
2.0253527
0.39969742
1.8646728
1.021027
2.158567
2.0334039
0.22582553
0.7190867
1.120416
0.34619674
1.0756507
1.4559803
1.790086
3.3350062
1.7877817
0.6515669
3.0172348
0.7519774
1.4144846
3.9746113
2.339436
0.6022178
1.0178771
0.6764011
1.2472357
0.8346186
2.3610482
1.5309628
1.2570094
0.4103695
1.5375117
2.2703466
2.8300095
3.4363313
2.3980322
1.8784691
2.0619628
1.2564913
1.5623285
1.0764325
0.3663291
1.3425565
1.5249962
1.0005481
1.2448627
0.884336
0.7884797
2.238245
1.3843824
1.6812881
0.60806704
2.8705997
3.6387024
0.26888686
0.5748713
1.9945383
1.3469135
2.5215535
1.9493612
1.0719386
1.4177406
1.9883116
1.0816041
1.5237734
0.9766801
0.9762535
1.4401921
0.7857918
2.6704476
1.290511
1.0307002
1.9453101
2.174505
0.7535158
1.6552461
2.0147865
2.1812224
1.8116843
1.0334381
1.4352323
1.9296633
1.701872
1.060238
1.2581146
1.7532136
1.4163067
1.5713171
1.6744783
1.7088958
0.8296943
2.5030024
1.8757374
0.85718125
0.82529926
1.7605349
1.346787
1.5017259
2.6434932
0.79991287
0.98269695
1.3219098
0.93621194
1.3148694
0.5115934
1.2813894
1.7397013
1.3201451
0.39213437
1.394638
0.93915266
0.8466274
1.0677927
1.128364
1.7711138
0.5731143
0.6001149
0.9693857
0.488348
1.9509493
1.3274606
1.6173662
0.8930807
1.1736366
1.4408407
1.7789359
1.8786011
2.4982054
1.6506319
1.2993608
1.8093119
0.93351525
1.458173
1.2431446
1.5926228
1.5969763
1.1812024
0.8587813
1.450582
0.23374133
0.83322096
1.0313622
0.3868435
0.89223486
1.6284548
0.53566724
3.0060713
1.8823279
1.1236476
0.8510825
1.3466781
0.45309094
1.4977325
1.2958505
0.403176
1.5878179
0.61378706
1.5332087
1.0654509
1.0828841
1.0554609
0.8354013
1.2009153
0.71425796
0.813374
0.3524676
0.33200702
1.7489386
2.3700247
1.3353245
1.9193419
1.524831
0.61378706
0.52756244
2.7997656
1.8120826
1.6105309
1.376082
0.9186809
2.2761288
1.1989536
1.7705663
0.79641944
1.598114
1.6458257
0.9092072
0.54889405
1.5827162
1.4755858
1.5889267
1.9212314
0.72845954
1.841413
1.3044184
1.3388301
0.62990594
1.8925854
0.36456248
1.6659918
2.1493752
0.86084634
1.5591555
1.4172239
1.7004241
1.0952115
1.683193
2.012905
1.9868339
1.7846435
1.6531003
1.3830029
1.6569443
2.3287761
2.520476
0.777763
1.2794961
0.659303
1.1057382
1.5781746
1.6999638
1.2856114
0.39570832
1.4599485
0.37545347
0.8866868
1.2260054
1.7298882
0.960227
1.4197178
0.5035813
1.7002276
1.0697919
1.6238756
1.4839082
0.7680428
1.096969
0.74113107
2.5607793
1.2743485
2.3737764
1.598218
1.3404104
1.5389519
0.6078341
1.3212135
1.0096141
2.1304379
0.36167046
2.6175041
1.4952962
1.4808544
0.7133711
2.7185638
1.602794
0.63685507
2.9274073
2.527274
1.0663098
1.9443358
1.6225802
1.9812251
0.7902985
0.719016
1.5058727
3.8215456
1.4127948
1.2808017
0.7048846
0.31653985
0.5336257
0.88215137
1.282974
1.6779473
1.4128563
1.8713652
0.5644758
0.613235
0.3956452
1.5639999
0.5527284
1.221681
2.4649084
0.8163678
0.94435656
2.645061
1.5965574
0.23957959
2.135612
1.3080751
1.4778553
1.1203979
1.9390215
1.4614111
1.4495931
2.7533915
0.6755594
1.2184768
1.8389195
2.0109007
1.0412441
1.3854392
1.4322772
1.0244492
1.1549939
1.1770226
1.1918086
3.5853724
1.5938624
2.0722015
0.5146165
1.1026546
2.0524597
1.0565251
0.6865531
0.86515576
1.1193154
1.466322
1.9985534
0.49152452
1.1454277
1.4231578
0.6337394
0.5347665
1.5005783
0.81004184
1.245748
1.4379238
2.1185966
0.9684572
2.2141192
2.0003512
0.92326504
1.7720871
2.5864828
1.631585
1.9168452
3.8581755
1.3432802
1.2578844
1.4762866
1.1215451
0.90893024
0.33635038
1.4586755
1.9464734
1.6505466
1.1044211
0.9911533
1.2016442
0.9540365
1.6721303
0.7086348
1.6599233
1.1484689
1.3946784
1.6789286
0.9408707
1.3508058
2.1276271
1.6243258
1.7112304
1.5558239
0.41230708
1.6905471
1.5603303
1.7889563
1.5218874
1.5027363
1.9283801
1.9586246
1.1123343
3.095853
0.6707916
2.5484107
0.3765626
1.254966
2.1579688
2.031862
0.33104777
2.1869986
1.5651687
1.6661872
1.1709441
1.2778493
1.7316264
1.9276007
1.1179918
0.9273478
0.79471874
1.368375
0.564442
2.017934
1.2954619
1.5006927
0.51216334
0.4406481
1.8751315
0.7760373
2.9138448
1.0706166
1.3685606
1.8712784
0.21503092
1.2605532
2.2291236
1.1716449
0.24635758
0.4995228
3.1051598
1.4152192
1.7448245
1.0462825
2.1046462
1.3614367
1.3093888
0.9213111
1.1265471
0.6468816
1.7748722
2.0863461
1.5825617
0.21257645
1.9064422
1.4564394
0.3298159
0.5969427
2.9068193
1.4920954
1.4675981
1.8479538
2.1937656
0.65288776
0.34503478
0.68081516
1.5562067
1.7610396
1.1864889
1.8957624
0.3589334
0.28689072
1.7958058
2.1628985
1.2366062
1.9633291
1.6466193
0.8605155
0.867044
2.2780445
0.81539273
1.5564166
1.0070281
1.8716468
2.5301504
1.8323897
1.0125393
1.186251
0.4007249
1.1774765
2.0145676
1.4086618
1.9677197
1.7397693
2.1590922
2.3273146
1.5293293
1.5436118
1.506453
1.2133902
2.340755
0.78146267
0.2800867
1.4636295
1.3224416
1.6076385
2.2236967
0.7129411
0.90280324
1.8704671
1.088052
1.953732
1.7184693
1.7012974
1.6406678
3.7561278
0.4586766
0.43366206
1.5779653
0.8070951
0.70129335
0.63978034
1.191716
0.91562706
1.219669
1.5820693
0.5590541
1.946342
1.4683589
1.4791191
0.54242396
1.6361406
1.8722062
1.4690365
0.88565975
1.539978
1.1318151
1.6446359
0.51115626
0.95431143
1.6249156
1.0403154
1.3035352
