0.7954
1.00601
1.08124
1.52803
0.71
1.5946
1.03439
1.55693
1.21362
0.2545
2.20674
0.5645
1.49172
1.19355
0.48
2.8151
1.69498
1.63445
1.28141
1.1693
0.8988
1.74566
1.16833
1.25691
2.63377
1.2173
1.55676
0.37
0.73816
1.3167
1.44336
2.76117
1.0593
1.07939
2.7038
0.77534
2.42478
1.059
1.3126
0.8446
1.67066
1.7716
1.59613
1.1162
2.16331
1.617
1.63422
2.45373
1.5165
1.556
1.73093
1.89072
1.99881
1.98075
0.79067
0.25
0.7184
1.5196
1.06
0.39
0.99
1.7243
1.88574
0.66
0.5342
2.56079
0.491
3.1395
1.02309
1.688
0.98
1.1
3.12796
1.60841
1.24617
0.51
0.5336
2.3596
1.386
0.04
2.36412
1.40013
1.51455
1.34044
2.29304
0.99
2.13381
1.21297
0.83
1.29977
1.06435
1.6638
2.28116
2.02578
2.07773
0.7353
0.3649
2.49344
1.0641
0.9579
0.9973
2.53616
1.78184
0.9296
0.8867
0.54
1.4115
0.4281
0.7739
0.7929
0.91
1.5238
1.0682
2.4107
1.76239
2.0403
3.19918
0.8928
1.50887
3.0073
1.43158
1.3212
0.65
2.71934
2.35744
1.21684
2.12161
1.32237
2.43083
2.37217
4.19923
1.31898
1.62661
1.53327
1.37673
3.92223
1.3093
1.57733
1.78688
1.60475
0.6839
0.5301
1.46493
2.20763
1.20058
1.87787
0.68
0.524
1.38722
0.3441
2.09812
1.52063
1.6118
1.92251
1.23078
1.20024
1.74604
1.5169
2.4819
1.55159
0.7001
1.35628
0.8772
2.2573
1.5034
0.1943
0.69849
1.0026
0.8744
1.74989
1.0702
2.83388
0.28
1.54398
1.75536
0.55271
2.3318
3.81053
1.00196
1.04
1.18613
2.0362
0.88
0.46
0.4239
1.5014
1.1837
1.53505
2.31492
1.99745
2.38267
1.7988
1.3272
1.45622
1.32567
1.28096
0.6866
0.32
1.26739
2.80057
0.95
1.47154
0.2052
0.36
0.3208
1.94825
1.28354
0.3882
1.91503
2.11376
2.04645
0.15
1.86566
1.229
2.22825
2.21691
0.3
0.6633
1.06522
0.3215
0.7407
1.33066
1.9362
3.50065
1.73863
0.55
3.03079
0.4573
1.41276
4.12588
2.59369
0.639
1.19709
0.792
1.33895
0.819
2.47156
1.46513
1.04723
0.18
1.60093
2.12683
2.8671
3.44977
2.72672
1.88415
2.15386
1.08353
1.44307
1.2119
0.293
0.97808
1.6016
0.93247
1.42743
1.0662
0.6419
2.57517
1.5306
1.67211
0.5696
2.90365
3.66133
0.09
0.43
2.26823
1.19221
2.56309
2.3565
1.2774
1.37255
2.08841
1.135
1.6564
1.2229
0.89
1.40387
0.8419
2.7528
1.2476
0.9403
2.13516
2.49986
0.8773
1.6941
1.82072
2.17365
1.8783
0.89018
1.69297
2.0958
1.64276
0.9
1.3901
1.60372
1.39539
1.64259
1.54892
1.79395
0.6847
2.0295
1.62274
0.89
0.7534
1.7012
1.4475
1.32408
2.59845
0.6216
1.07
1.07942
0.9556
1.6152
0.3724
1.1941
1.65972
1.3497
0.51
1.41424
0.99
0.874
0.75867
1.11
1.91339
0.6102
0.61
1.0389
0.3843
1.90001
1.42996
1.71929
0.9555
1.34
1.35215
1.66196
1.85082
2.74402
1.55934
1.3321
1.84256
0.8841
1.33057
1.28752
1.6601
1.60151
1.3267
1.2412
1.41564
0.09
0.6671
1.08798
0.2584
0.6014
1.5246
0.63
2.91845
1.96226
0.95047
0.7801
1.20424
0.3116
1.40874
1.45627
0.2161
1.51141
0.71
1.57571
0.9937
0.9426
0.97
0.7828
1.49
0.6568
0.7658
0.32
0.1739
2.0034
2.73622
1.58241
1.9759
1.34896
0.65
0.43
2.893
2.02261
1.56128
1.32746
1.05015
2.46193
0.9503
1.99766
0.7
1.57486
1.60714
0.8917
0.62
1.628
1.55109
1.34792
1.76224
0.613
1.86222
1.438
1.2208
0.4979
2.04159
0.4582
2.0
2.31846
0.8591
1.70232
1.5683
1.59144
1.2211
1.83969
1.96518
2.08883
1.91743
1.5726
1.49407
1.5757
2.3664
2.64443
0.8032
1.2101
0.87
0.93499
1.56379
1.49388
1.3217
0.41
1.5916
0.59
0.9914
1.05822
1.81891
0.84971
1.36719
0.1799
1.80084
1.1927
1.80341
1.4434
0.9034
0.75696
0.84
2.5486
1.16598
2.70135
1.43173
1.31513
1.81829
0.3213
0.9447
1.18
2.41153
0.42
2.7628
1.60332
1.47296
0.71684
2.6582
1.69
0.5645
2.83865
2.70533
1.2551
2.12621
1.48431
2.2815
0.7056
0.7778
1.31672
3.9108
1.43943
1.23616
0.39566
0.11
0.46
0.75605
1.1771
1.61586
1.1144
1.78611
0.31
0.5958
0.2766
1.42835
0.3662
1.3758
2.39361
0.8081
0.85709
2.53227
1.56243
0.1011
2.10904
1.3644
1.43788
0.93972
2.12347
1.57608
1.5106
2.6521
0.75
1.1302
1.98289
2.00364
0.74947
1.3383
1.45916
0.7979
1.21515
1.2114
1.41
3.77688
1.62131
2.03105
0.3127
1.05
2.28518
1.1376
0.7386
0.7695
1.16338
1.55886
1.92088
0.2833
0.89865
1.28995
0.5092
0.4653
1.74825
0.771
1.39651
1.58281
2.25759
0.8692
2.67169
2.16087
0.6296
1.63503
2.5944
1.3278
2.10763
3.84104
1.6563
1.3742
1.6722
1.1351
1.0184
0.47
1.657
2.00864
1.35348
1.25392
0.84498
1.12184
0.97055
1.43759
0.4837
1.7501
0.8516
1.45264
1.61511
1.27
1.25
2.2321
1.65249
1.7647
1.45098
0.4217
1.70491
1.46276
1.77462
1.49826
1.59511
2.15006
1.85107
1.03068
2.90678
0.51729
2.5623
0.24
1.3699
2.172
1.9408
0.39
2.56165
1.36673
1.65906
0.76074
1.3497
1.73739
1.71842
0.79408
0.9514
1.1151
1.2801
0.69
2.25089
1.13592
1.47131
0.69
0.67
2.09894
1.04
2.86412
1.0491
1.37856
2.2376
0.19
1.41626
2.19759
1.15475
0.13
0.111
3.20055
1.45818
1.68925
1.17
2.23514
1.2879
1.0
0.98
0.99
0.5987
1.91246
2.30417
1.72087
0.38
1.93659
1.828
0.1878
0.4314
2.73436
1.28825
1.56583
2.10418
2.36428
0.89
0.13
0.5254
1.63863
1.74811
1.3334
1.99493
0.27
0.11
1.83382
2.243
1.3983
1.90961
1.45194
0.7804
0.844
2.42844
0.5611
1.641
0.9937
1.87378
2.8659
2.08
0.81984
1.1496
0.31
1.0234
2.09858
1.41308
2.0132
1.77163
2.1651
2.36224
1.7069
1.63498
1.37239
1.1847
2.30998
0.7481
0.13
1.61774
1.30718
1.6534
2.52977
0.6275
1.16
2.0105
1.17
2.1674
1.64947
1.61677
1.54817
3.72801
0.64
0.08
1.57614
0.5629
0.7812
0.26
1.12998
1.0149
1.1634
1.4324
0.48702
1.70737
1.34492
1.62573
0.3849
1.48939
1.91375
1.57
1.05
1.52776
1.3632
1.8038
0.3827
0.76212
1.55543
0.81319
1.0273
